{
 "cells": [
  {
   "cell_type": "code",
   "execution_count": 56,
   "id": "84b875c8-a793-4a60-baca-11d00052e7c2",
   "metadata": {},
   "outputs": [
    {
     "name": "stdout",
     "output_type": "stream",
     "text": [
      "aaa\n",
      "['[1.0, 0.8655683534005644, 0.8761520222017274, 0.8655683534005644, 1.0, 0.9879202826302144, 0.8761520222017274, 0.9879202826302144, 1.0', '\\n']\n",
      "['[1.0, 0.959234298097022, 0.9819852924764053, 0.959234298097022, 1.0, 0.9768316342885248, 0.9819852924764053, 0.9768316342885248, 1.0', '\\n']\n",
      "['[1.0, 0.9061037639548198, 0.9362100751592676, 0.9061037639548198, 1.0, 0.9678423550405328, 0.9362100751592676, 0.9678423550405328, 1.0', '\\n']\n",
      "['[1.0, 0.9263192731118111, 0.9758421295598253, 0.9263192731118111, 1.0, 0.9492511596416189, 0.9758421295598253, 0.9492511596416189, 1.0', '\\n']\n",
      "['[1.0, 0.9333028040591961, 0.9574896765719048, 0.9333028040591961, 1.0, 0.9747392863813374, 0.9574896765719048, 0.9747392863813374, 1.0', '\\n']\n",
      "['[1.0, 0.9260042917522578, 0.9990821570688632, 0.9260042917522578, 1.0, 0.9268549990613351, 0.9990821570688632, 0.9268549990613351, 1.0', '\\n']\n",
      "['[1.0, 0.9261857065515419, 0.9339432376763883, 0.9261857065515419, 1.0, 0.9916937873610533, 0.9339432376763883, 0.9916937873610533, 1.0', '\\n']\n",
      "['[1.0, 0.969870415634149, 0.989228954924621, 0.969870415634149, 1.0, 0.9804306786673594, 0.989228954924621, 0.9804306786673594, 1.0', '\\n']\n",
      "['[1.0, 0.885953991136229, 0.8897857722172802, 0.885953991136229, 1.0, 0.9956935914231325, 0.8897857722172802, 0.9956935914231325, 1.0', '\\n']\n",
      "['[1.0, 0.9306317395498395, 0.955812921476373, 0.9306317395498395, 1.0, 0.9736546960595196, 0.955812921476373, 0.9736546960595196, 1.0', '\\n']\n",
      "['[1.0, 0.8755338163320983, 0.9820300818164297, 0.8755338163320983, 1.0, 0.891554986495578, 0.9820300818164297, 0.891554986495578, 1.0', '\\n']\n",
      "['[1.0, 0.8562579817868022, 0.9126934934432911, 0.8562579817868022, 1.0, 0.9381659756951084, 0.9126934934432911, 0.9381659756951084, 1.0', '\\n']\n",
      "['[1.0, 0.8581949111861659, 0.9438014596002101, 0.8581949111861659, 1.0, 0.909296020319457, 0.9438014596002101, 0.909296020319457, 1.0', '\\n']\n",
      "['[1.0, 0.8724050664707466, 0.8971616625660329, 0.8724050664707466, 1.0, 0.9724056464645643, 0.8971616625660329, 0.9724056464645643, 1.0', '\\n']\n",
      "['[1.0, 0.8943131531292615, 0.9216808614318825, 0.8943131531292615, 1.0, 0.9703067412508666, 0.9216808614318825, 0.9703067412508666, 1.0', '\\n']\n",
      "['[1.0, 0.9203727593195534, 0.9738139502866968, 0.9203727593195534, 1.0, 0.8962718324892415, 0.9738139502866968, 0.8962718324892415, 1.0', '\\n']\n",
      "['[1.0, 0.9655248441229284, 0.9615806350282833, 0.9655248441229284, 1.0, 0.9959149584615525, 0.9615806350282833, 0.9959149584615525, 1.0', '\\n']\n",
      "['[1.0, 0.9287274461706035, 0.9927095729196164, 0.9287274461706035, 1.0, 0.9219566264467458, 0.9927095729196164, 0.9219566264467458, 1.0', '\\n']\n",
      "['[1.0, 0.8837448890535015, 0.9349986363230989, 0.8837448890535015, 1.0, 0.9451830780511575, 0.9349986363230989, 0.9451830780511575, 1.0', '\\n']\n",
      "['[1.0, 0.9347903174524547, 0.9860317801499614, 0.9347903174524547, 1.0, 0.9217329607845914, 0.9860317801499614, 0.9217329607845914, 1.0', '\\n']\n",
      "['[1.0, 0.9621659641494473, 0.996157261212507, 0.9621659641494473, 1.0, 0.9658775793877303, 0.996157261212507, 0.9658775793877303, 1.0', '\\n']\n",
      "['[1.0, 0.8904930126977213, 0.8840976164618961, 0.8904930126977213, 1.0, 0.9928181399015692, 0.8840976164618961, 0.9928181399015692, 1.0', '\\n']\n",
      "['[1.0, 0.8667938923558957, 0.8993556961908226, 0.8667938923558957, 1.0, 0.9637942985485711, 0.8993556961908226, 0.9637942985485711, 1.0', '\\n']\n",
      "['[1.0, 0.972856611882187, 0.9961559410513241, 0.972856611882187, 1.0, 0.9691168937175028, 0.9961559410513241, 0.9691168937175028, 1.0', '\\n']\n",
      "['[1.0, 0.8734985968065918, 0.913006067192671, 0.8734985968065918, 1.0, 0.956728140364327, 0.913006067192671, 0.956728140364327, 1.0', '\\n']\n",
      "['[1.0, 0.9133119697122825, 0.9546196476317305, 0.9133119697122825, 1.0, 0.9567286531112928, 0.9546196476317305, 0.9567286531112928, 1.0', '\\n']\n",
      "['[1.0, 0.8688221483133922, 0.9479630210588741, 0.8688221483133922, 1.0, 0.9165148101905056, 0.9479630210588741, 0.9165148101905056, 1.0', '\\n']\n",
      "['[1.0, 0.9397069335741854, 0.9377922325551156, 0.9397069335741854, 1.0, 0.9979624487692272, 0.9377922325551156, 0.9979624487692272, 1.0', '\\n']\n",
      "['[1.0, 0.9420052763024647, 0.9739132750883096, 0.9420052763024647, 1.0, 0.9672373304666664, 0.9739132750883096, 0.9672373304666664, 1.0', '\\n']\n",
      "['[1.0, 0.898041757258378, 0.9892004629885126, 0.898041757258378, 1.0, 0.8883433220630049, 0.9892004629885126, 0.8883433220630049, 1.0', '\\n']\n",
      "['[1.0, 0.9129978892479799, 0.97321895610874, 0.9129978892479799, 1.0, 0.9381217695331948, 0.97321895610874, 0.9381217695331948, 1.0', '\\n']\n",
      "['[1.0, 0.9384265084550564, 0.9815194153453612, 0.9384265084550564, 1.0, 0.9560957162776632, 0.9815194153453612, 0.9560957162776632, 1.0', '\\n']\n",
      "['[1.0, 0.9359590747789744, 0.9567973060425616, 0.9359590747789744, 1.0, 0.978220850819724, 0.9567973060425616, 0.978220850819724, 1.0', '\\n']\n",
      "['[1.0, 0.9587252678163013, 0.9906745317100918, 0.9587252678163013, 1.0, 0.9677499896574104, 0.9906745317100918, 0.9677499896574104, 1.0', '\\n']\n",
      "['[1.0, 0.9104365007133348, 0.9810914811868434, 0.9104365007133348, 1.0, 0.9279832902146535, 0.9810914811868434, 0.9279832902146535, 1.0', '\\n']\n",
      "['[1.0, 0.8757045064141745, 0.9420841298909399, 0.8757045064141745, 1.0, 0.9295396012196386, 0.9420841298909399, 0.9295396012196386, 1.0', '\\n']\n",
      "['[1.0, 0.9128964703775064, 0.9623102100165223, 0.9128964703775064, 1.0, 0.9486509244891338, 0.9623102100165223, 0.9486509244891338, 1.0', '\\n']\n",
      "['[1.0, 0.8435561299374285, 0.8750715656049337, 0.8435561299374285, 1.0, 0.9639853048525022, 0.8750715656049337, 0.9639853048525022, 1.0', '\\n']\n",
      "['[1.0, 0.9271652453022523, 0.9750083292355961, 0.9271652453022523, 1.0, 0.9509305895152171, 0.9750083292355961, 0.9509305895152171, 1.0', '\\n']\n",
      "['[1.0, 0.9362103117172166, 0.9920249408152771, 0.9362103117172166, 1.0, 0.928743979071924, 0.9920249408152771, 0.928743979071924, 1.0', '\\n']\n",
      "['[1.0, 0.8948645730595398, 0.9203498736942586, 0.8948645730595398, 1.0, 0.9723091170399997, 0.9203498736942586, 0.9723091170399997, 1.0', '\\n']\n",
      "['[1.0, 0.8949245185671737, 0.9357044221004382, 0.8949245185671737, 1.0, 0.9564179642950461, 0.9357044221004382, 0.9564179642950461, 1.0', '\\n']\n",
      "['[1.0, 0.8979135456588582, 0.930644277950467, 0.8979135456588582, 1.0, 0.9648300289733787, 0.930644277950467, 0.9648300289733787, 1.0', '\\n']\n",
      "['[1.0, 0.8640741715040204, 0.8752389302945033, 0.8640741715040204, 1.0, 0.9872437589279466, 0.8752389302945033, 0.9872437589279466, 1.0', '\\n']\n",
      "['[1.0, 0.891956378775559, 0.9204168526218712, 0.891956378775559, 1.0, 0.9690787127970978, 0.9204168526218712, 0.9690787127970978, 1.0', '\\n']\n",
      "['[1.0, 0.8579497834248065, 0.9488663088314249, 0.8579497834248065, 1.0, 0.9041840514723444, 0.9488663088314249, 0.9041840514723444, 1.0', '\\n']\n",
      "['[1.0, 0.9067954750722473, 0.9007747379873007, 0.9067954750722473, 1.0, 0.9933604244281579, 0.9007747379873007, 0.9933604244281579, 1.0', '\\n']\n",
      "['[1.0, 0.954976717979539, 0.9653539157225441, 0.954976717979539, 1.0, 0.9892503696582221, 0.9653539157225441, 0.9892503696582221, 1.0', '\\n']\n",
      "['[1.0, 0.9234845525151963, 0.979923058448282, 0.9234845525151963, 1.0, 0.9424051659500119, 0.979923058448282, 0.9424051659500119, 1.0', '\\n']\n",
      "['[1.0, 0.9608090833686198, 0.9589966892194057, 0.9608090833686198, 1.0, 0.9214127299224384, 0.9589966892194057, 0.9214127299224384, 1.0', '\\n']\n",
      "['[1.0, 0.9474421696955886, 0.9639567071355281, 0.9474421696955886, 1.0, 0.9828679677026018, 0.9639567071355281, 0.9828679677026018, 1.0', '\\n']\n",
      "['[1.0, 0.9365238970113823, 0.9405789841430932, 0.9365238970113823, 1.0, 0.995688733003741, 0.9405789841430932, 0.995688733003741, 1.0', '\\n']\n",
      "['[1.0, 0.9154392197149529, 0.9512756363984514, 0.9154392197149529, 1.0, 0.9623280410931411, 0.9512756363984514, 0.9623280410931411, 1.0', '\\n']\n",
      "['[1.0, 0.8661553294734725, 0.890311485433588, 0.8661553294734725, 1.0, 0.9728677475744893, 0.890311485433588, 0.9728677475744893, 1.0', '\\n']\n",
      "['[1.0, 0.8531294882534944, 0.9250519582901764, 0.8531294882534944, 1.0, 0.9222503456242392, 0.9250519582901764, 0.9222503456242392, 1.0', '\\n']\n",
      "['[1.0, 0.9490969018738925, 0.9640028070727746, 0.9490969018738925, 1.0, 0.984537487765057, 0.9640028070727746, 0.984537487765057, 1.0', '\\n']\n",
      "['[1.0, 0.8872232481468633, 0.9541345503488775, 0.8872232481468633, 1.0, 0.9298722573482447, 0.9541345503488775, 0.9298722573482447, 1.0', '\\n']\n",
      "['[1.0, 0.8998522994169587, 0.904302228423378, 0.8998522994169587, 1.0, 0.9950791573142779, 0.904302228423378, 0.9950791573142779, 1.0', '\\n']\n",
      "['[1.0, 0.8597810862517297, 0.8834097289789625, 0.8597810862517297, 1.0, 0.9732529063783997, 0.8834097289789625, 0.9732529063783997, 1.0', '\\n']\n",
      "['[1.0, 0.9512518802646177, 0.9880293898903397, 0.9512518802646177, 1.0, 0.9398648148898887, 0.9880293898903397, 0.9398648148898887, 1.0', '\\n']\n",
      "['[1.0, 0.922957454246468, 0.931879196075549, 0.922957454246468, 1.0, 0.9904260746815108, 0.931879196075549, 0.9904260746815108, 1.0', '\\n']\n",
      "['[1.0, 0.923098752448341, 0.9551828993876796, 0.923098752448341, 1.0, 0.8817281427847564, 0.9551828993876796, 0.8817281427847564, 1.0', '\\n']\n",
      "['[1.0, 0.9138279309992344, 0.9483189072697095, 0.9138279309992344, 1.0, 0.9636293487285016, 0.9483189072697095, 0.9636293487285016, 1.0', '\\n']\n",
      "['[1.0, 0.9038174000924992, 0.9102152611112846, 0.9038174000924992, 1.0, 0.9929710461995833, 0.9102152611112846, 0.9929710461995833, 1.0', '\\n']\n",
      "['[1.0, 0.9144821590352061, 0.9539597604560485, 0.9144821590352061, 1.0, 0.9586171209129726, 0.9539597604560485, 0.9586171209129726, 1.0', '\\n']\n",
      "['[1.0, 0.8809071325458336, 0.9493998850581578, 0.8809071325458336, 1.0, 0.9278567929170031, 0.9493998850581578, 0.9278567929170031, 1.0', '\\n']\n",
      "['[1.0, 0.8879753313225527, 0.9230151367326472, 0.8879753313225527, 1.0, 0.9620376697893267, 0.9230151367326472, 0.9620376697893267, 1.0', '\\n']\n",
      "['[1.0, 0.9117037472487045, 0.9390278045052187, 0.9117037472487045, 1.0, 0.9709017591114765, 0.9390278045052187, 0.9709017591114765, 1.0', '\\n']\n",
      "['[1.0, 0.9605344257403537, 0.9660093773839968, 0.9605344257403537, 1.0, 0.9943324032128243, 0.9660093773839968, 0.9943324032128243, 1.0', '\\n']\n",
      "['[1.0, 0.9096540087288143, 0.9795020652899918, 0.9096540087288143, 1.0, 0.928690240647427, 0.9795020652899918, 0.928690240647427, 1.0', '\\n']\n",
      "['[1.0, 0.8974955903470102, 0.9445564183157208, 0.8974955903470102, 1.0, 0.9501767951006814, 0.9445564183157208, 0.9501767951006814, 1.0', '\\n']\n",
      "['[1.0, 0.9690576759075845, 0.9108581135391779, 0.9690576759075845, 1.0, 0.8826740465878425, 0.9108581135391779, 0.8826740465878425, 1.0', '\\n']\n",
      "['[1.0, 0.9002845664520299, 0.9154027165170839, 0.9002845664520299, 1.0, 0.9834847004577664, 0.9154027165170839, 0.9834847004577664, 1.0', '\\n']\n",
      "['[1.0, 0.8971533452123779, 0.9003819221828772, 0.8971533452123779, 1.0, 0.9964142139119453, 0.9003819221828772, 0.9964142139119453, 1.0', '\\n']\n",
      "['[1.0, 0.9511924949436579, 0.976550058364058, 0.9511924949436579, 1.0, 0.9740335242385016, 0.976550058364058, 0.9740335242385016, 1.0', '\\n']\n",
      "['[1.0, 0.9315611239303345, 0.9764670917768326, 0.9315611239303345, 1.0, 0.9540117959686847, 0.9764670917768326, 0.9540117959686847, 1.0', '\\n']\n",
      "['[1.0, 0.8837380757875154, 0.9293955371310603, 0.8837380757875154, 1.0, 0.9508740256226275, 0.9293955371310603, 0.9508740256226275, 1.0', '\\n']\n",
      "['[1.0, 0.9028172004297197, 0.9409070534373166, 0.9028172004297197, 1.0, 0.9595179429589276, 0.9409070534373166, 0.9595179429589276, 1.0', '\\n']\n",
      "['[1.0, 0.9721567875848227, 0.9407190439229693, 0.9721567875848227, 1.0, 0.967661858597978, 0.9407190439229693, 0.967661858597978, 1.0', '\\n']\n",
      "['[1.0, 0.9426971230746443, 0.9957476613557267, 0.9426971230746443, 1.0, 0.9467229094880794, 0.9957476613557267, 0.9467229094880794, 1.0', '\\n']\n",
      "['[1.0, 0.9181576490783453, 0.9572286787275105, 0.9181576490783453, 1.0, 0.9591831810752848, 0.9572286787275105, 0.9591831810752848, 1.0', '\\n']\n",
      "['[1.0, 0.9349583354748107, 0.9684789528603632, 0.9349583354748107, 1.0, 0.9653883883727666, 0.9684789528603632, 0.9653883883727666, 1.0', '\\n']\n",
      "['[1.0, 0.9013966450993941, 0.9545468468266756, 0.9013966450993941, 1.0, 0.9443189175010367, 0.9545468468266756, 0.9443189175010367, 1.0', '\\n']\n",
      "['[1.0, 0.9306970871012312, 0.9309711235639261, 0.9306970871012312, 1.0, 0.9997056445084507, 0.9309711235639261, 0.9997056445084507, 1.0', '\\n']\n",
      "['[1.0, 0.9495779667035283, 0.9719437892194811, 0.9495779667035283, 1.0, 0.9229364071171576, 0.9719437892194811, 0.9229364071171576, 1.0', '\\n']\n",
      "['[1.0, 0.9458622425301967, 0.9689088510683741, 0.9458622425301967, 1.0, 0.9762138528172543, 0.9689088510683741, 0.9762138528172543, 1.0', '\\n']\n",
      "['[1.0, 0.8681458035557817, 0.9332327105548596, 0.8681458035557817, 1.0, 0.9302565091611716, 0.9332327105548596, 0.9302565091611716, 1.0', '\\n']\n",
      "['[1.0, 0.9142872088894585, 0.9421253004677596, 0.9142872088894585, 1.0, 0.9704518161602499, 0.9421253004677596, 0.9704518161602499, 1.0', '\\n']\n",
      "['[1.0, 0.879459633954368, 0.9717371904439476, 0.879459633954368, 1.0, 0.9050385666031557, 0.9717371904439476, 0.9050385666031557, 1.0', '\\n']\n",
      "['[1.0, 0.9402370759102349, 0.9807550555098284, 0.9402370759102349, 1.0, 0.9221422655767413, 0.9807550555098284, 0.9221422655767413, 1.0', '\\n']\n",
      "['[1.0, 0.9218290022047194, 0.9233719439858166, 0.9218290022047194, 1.0, 0.9983290137943364, 0.9233719439858166, 0.9983290137943364, 1.0', '\\n']\n",
      "['[1.0, 0.9315592612048531, 0.9306104428555758, 0.9315592612048531, 1.0, 0.9989814729037741, 0.9306104428555758, 0.9989814729037741, 1.0', '\\n']\n",
      "['[1.0, 0.8912025197042213, 0.911477872018927, 0.8912025197042213, 1.0, 0.9777555188807866, 0.911477872018927, 0.9777555188807866, 1.0', '\\n']\n",
      "['[1.0, 0.9039681485380526, 0.9049665680225779, 0.9039681485380526, 1.0, 0.9988967332940188, 0.9049665680225779, 0.9988967332940188, 1.0', '\\n']\n",
      "['[1.0, 0.9244766652835128, 0.9545478267167289, 0.9244766652835128, 1.0, 0.9684969567877503, 0.9545478267167289, 0.9684969567877503, 1.0', '\\n']\n",
      "['[1.0, 0.8941686502146156, 0.912147406052379, 0.8941686502146156, 1.0, 0.9802896377071634, 0.912147406052379, 0.9802896377071634, 1.0', '\\n']\n",
      "['[1.0, 0.923832914035988, 0.9848726971891195, 0.923832914035988, 1.0, 0.9380226669626011, 0.9848726971891195, 0.9380226669626011, 1.0', '\\n']\n",
      "['[1.0, 0.9429836492551642, 0.9726703950492466, 0.9429836492551642, 1.0, 0.9694791309109605, 0.9726703950492466, 0.9694791309109605, 1.0', '\\n']\n",
      "['[1.0, 0.9503938032018389, 0.9412349869176013, 0.9503938032018389, 1.0, 0.9903631355198426, 0.9412349869176013, 0.9903631355198426, 1.0', '\\n']\n",
      "['[1.0, 0.9450158148089086, 0.9185779355207899, 0.9450158148089086, 1.0, 0.972023876348075, 0.9185779355207899, 0.972023876348075, 1.0', '\\n']\n",
      "['[1.0, 0.8577749732287453, 0.9442135440143432, 0.8577749732287453, 1.0, 0.9084544260844823, 0.9442135440143432, 0.9084544260844823, 1.0', '\\n']\n",
      "['[1.0, 0.9089688376944373, 0.929084131930005, 0.9089688376944373, 1.0, 0.9783493296847274, 0.929084131930005, 0.9783493296847274, 1.0', '\\n']\n",
      "['[1.0, 0.9337526436758018, 0.9289003494486728, 0.9337526436758018, 1.0, 0.9948034479366747, 0.9289003494486728, 0.9948034479366747, 1.0', '\\n']\n",
      "['[1.0, 0.9542613382537435, 0.9596318224778645, 0.9542613382537435, 1.0, 0.9944035992780503, 0.9596318224778645, 0.9944035992780503, 1.0', '\\n']\n",
      "['[1.0, 0.930026525459508, 0.9741576947255675, 0.930026525459508, 1.0, 0.9059924960752636, 0.9741576947255675, 0.9059924960752636, 1.0', '\\n']\n",
      "['[1.0, 0.9547292534485613, 0.9830999830446412, 0.9547292534485613, 1.0, 0.9711415623177855, 0.9830999830446412, 0.9711415623177855, 1.0', '\\n']\n",
      "['[1.0, 0.965830558730477, 0.9631080891736149, 0.965830558730477, 1.0, 0.9971812141040137, 0.9631080891736149, 0.9971812141040137, 1.0', '\\n']\n",
      "['[1.0, 0.9228322029556668, 0.945491361523572, 0.9228322029556668, 1.0, 0.9760345155016624, 0.945491361523572, 0.9760345155016624, 1.0', '\\n']\n",
      "['[1.0, 0.8839396316213698, 0.9432439057056777, 0.8839396316213698, 1.0, 0.9371273180504252, 0.9432439057056777, 0.9371273180504252, 1.0', '\\n']\n",
      "['[1.0, 0.9407776096227826, 0.9970010872936793, 0.9407776096227826, 1.0, 0.9436074058620004, 0.9970010872936793, 0.9436074058620004, 1.0', '\\n']\n",
      "['[1.0, 0.9090282157673849, 0.9520937685840323, 0.9090282157673849, 1.0, 0.9547675300084202, 0.9520937685840323, 0.9547675300084202, 1.0', '\\n']\n",
      "['[1.0, 0.8759046754621633, 0.909850789937273, 0.8759046754621633, 1.0, 0.9626904599627265, 0.909850789937273, 0.9626904599627265, 1.0', '\\n']\n",
      "['[1.0, 0.9233225868011204, 0.9509800088667787, 0.9233225868011204, 1.0, 0.9709169258998244, 0.9509800088667787, 0.9709169258998244, 1.0', '\\n']\n",
      "['[1.0, 0.9054835566120427, 0.9962555510811834, 0.9054835566120427, 1.0, 0.9020930196874805, 0.9962555510811834, 0.9020930196874805, 1.0', '\\n']\n",
      "['[1.0, 0.8829702398530173, 0.9295950410673468, 0.8829702398530173, 1.0, 0.9498439652165145, 0.9295950410673468, 0.9498439652165145, 1.0', '\\n']\n",
      "['[1.0, 0.9026116733309044, 0.9495176868672974, 0.9026116733309044, 1.0, 0.9506001687118141, 0.9495176868672974, 0.9506001687118141, 1.0', '\\n']\n",
      "['[1.0, 0.9457874392829244, 0.9725972183287155, 0.9457874392829244, 1.0, 0.9198702325768112, 0.9725972183287155, 0.9198702325768112, 1.0', '\\n']\n",
      "['[1.0, 0.902000174241645, 0.9933293198073379, 0.902000174241645, 1.0, 0.9080575356585602, 0.9933293198073379, 0.9080575356585602, 1.0', '\\n']\n",
      "['[1.0, 0.9595636280579408, 0.990748661650076, 0.9595636280579408, 1.0, 0.9506863802664962, 0.990748661650076, 0.9506863802664962, 1.0', '\\n']\n",
      "['[1.0, 0.938154885626026, 0.9385298149522388, 0.938154885626026, 1.0, 0.9996005142082439, 0.9385298149522388, 0.9996005142082439, 1.0', '\\n']\n",
      "['[1.0, 0.8848166276005784, 0.9418544105737379, 0.8848166276005784, 1.0, 0.9394409769356874, 0.9418544105737379, 0.9394409769356874, 1.0', '\\n']\n",
      "['[1.0, 0.9120532111333279, 0.9555441635121135, 0.9120532111333279, 1.0, 0.954485670009292, 0.9555441635121135, 0.954485670009292, 1.0', '\\n']\n",
      "['[1.0, 0.8653869369653423, 0.8837235781866644, 0.8653869369653423, 1.0, 0.9792507050010508, 0.8837235781866644, 0.9792507050010508, 1.0', '\\n']\n",
      "['[1.0, 0.8922303105879661, 0.9421510656694917, 0.8922303105879661, 1.0, 0.9470140650469339, 0.9421510656694917, 0.9470140650469339, 1.0', '\\n']\n",
      "['[1.0, 0.9126937890897049, 0.9556483383449738, 0.9126937890897049, 1.0, 0.9550519291126911, 0.9556483383449738, 0.9550519291126911, 1.0', '\\n']\n",
      "['[1.0, 0.9113457980823971, 0.928583934869409, 0.9113457980823971, 1.0, 0.9814361027154361, 0.928583934869409, 0.9814361027154361, 1.0', '\\n']\n",
      "['[1.0, 0.9858261400766868, 0.9686351325687309, 0.9858261400766868, 1.0, 0.9825618262601369, 0.9686351325687309, 0.9825618262601369, 1.0', '\\n']\n",
      "['[1.0, 0.9485092353713176, 0.9558293497512287, 0.9485092353713176, 1.0, 0.9923416095333165, 0.9558293497512287, 0.9923416095333165, 1.0', '\\n']\n",
      "['[1.0, 0.8625716121294049, 0.9573961407751511, 0.8625716121294049, 1.0, 0.9009558064763328, 0.9573961407751511, 0.9009558064763328, 1.0', '\\n']\n",
      "['[1.0, 0.8840954922422188, 0.8814225533569364, 0.8840954922422188, 1.0, 0.9969766400702901, 0.8814225533569364, 0.9969766400702901, 1.0', '\\n']\n",
      "['[1.0, 0.920643480621869, 0.9584901300484183, 0.920643480621869, 1.0, 0.9605143044877912, 0.9584901300484183, 0.9605143044877912, 1.0', '\\n']\n",
      "['[1.0, 0.9279495081694906, 0.9646245193400315, 0.9279495081694906, 1.0, 0.961980013533522, 0.9646245193400315, 0.961980013533522, 1.0', '\\n']\n",
      "['[1.0, 0.8904977694361083, 0.9547514354616807, 0.8904977694361083, 1.0, 0.9327011579778334, 0.9547514354616807, 0.9327011579778334, 1.0', '\\n']\n",
      "['[1.0, 0.8698072524607025, 0.8696178069800318, 0.8698072524607025, 1.0, 0.9997821983202201, 0.8696178069800318, 0.9997821983202201, 1.0', '\\n']\n",
      "['[1.0, 0.9445815862674997, 0.9498750860825816, 0.9445815862674997, 1.0, 0.9944271621683298, 0.9498750860825816, 0.9944271621683298, 1.0', '\\n']\n",
      "['[1.0, 0.9692585577756881, 0.9140354345559992, 0.9692585577756881, 1.0, 0.8859366670536223, 0.9140354345559992, 0.8859366670536223, 1.0', '\\n']\n",
      "['[1.0, 0.9805617546071764, 0.928818831882973, 0.9805617546071764, 1.0, 0.9472313472546844, 0.928818831882973, 0.9472313472546844, 1.0', '\\n']\n",
      "['[1.0, 0.9863347999882277, 0.9869528359519478, 0.9863347999882277, 1.0, 0.9993737938215416, 0.9869528359519478, 0.9993737938215416, 1.0', '\\n']\n",
      "['[1.0, 0.9092622324515139, 0.9495815565162387, 0.9092622324515139, 1.0, 0.9575399039839763, 0.9495815565162387, 0.9575399039839763, 1.0', '\\n']\n",
      "['[1.0, 0.897950123815684, 0.9474808701129603, 0.897950123815684, 1.0, 0.9477237505688413, 0.9474808701129603, 0.9477237505688413, 1.0', '\\n']\n",
      "['[1.0, 0.894613572523757, 0.9195012218533608, 0.894613572523757, 1.0, 0.9729335331611197, 0.9195012218533608, 0.9729335331611197, 1.0', '\\n']\n",
      "['[1.0, 0.9720671203539563, 0.9935984720339364, 0.9720671203539563, 1.0, 0.9783299267400195, 0.9935984720339364, 0.9783299267400195, 1.0', '\\n']\n",
      "['[1.0, 0.8981530189266271, 0.9488584685000557, 0.8981530189266271, 1.0, 0.9465616303624469, 0.9488584685000557, 0.9465616303624469, 1.0', '\\n']\n",
      "['[1.0, 0.8971988627685018, 0.9321115632446872, 0.8971988627685018, 1.0, 0.962544504485435, 0.9321115632446872, 0.962544504485435, 1.0', '\\n']\n",
      "['[1.0, 0.8853719634294809, 0.9192059942438227, 0.8853719634294809, 1.0, 0.9631921125120871, 0.9192059942438227, 0.9631921125120871, 1.0', '\\n']\n",
      "['[1.0, 0.9956153046119658, 0.9750391859247453, 0.9956153046119658, 1.0, 0.9793332639706257, 0.9750391859247453, 0.9793332639706257, 1.0', '\\n']\n",
      "['[1.0, 0.8798059221682566, 0.948902528977729, 0.8798059221682566, 1.0, 0.9271826086458939, 0.948902528977729, 0.9271826086458939, 1.0', '\\n']\n",
      "['[1.0, 0.9449503249268597, 0.9507201166080591, 0.9449503249268597, 1.0, 0.8983832831032874, 0.9507201166080591, 0.8983832831032874, 1.0', '\\n']\n",
      "['[1.0, 0.8622775003404789, 0.901019521325532, 0.8622775003404789, 1.0, 0.9570020181937258, 0.901019521325532, 0.9570020181937258, 1.0', '\\n']\n",
      "['[1.0, 0.942564291621736, 0.9831534979168718, 0.942564291621736, 1.0, 0.958715290764731, 0.9831534979168718, 0.958715290764731, 1.0', '\\n']\n",
      "['[1.0, 0.9612078728246242, 0.9725815950372332, 0.9612078728246242, 1.0, 0.9883056370070692, 0.9725815950372332, 0.9883056370070692, 1.0', '\\n']\n",
      "['[1.0, 0.8974839282296908, 0.947496132290226, 0.8974839282296908, 1.0, 0.9472164557129653, 0.947496132290226, 0.9472164557129653, 1.0', '\\n']\n",
      "['[1.0, 0.8550409729635327, 0.9200295839986712, 0.8550409729635327, 1.0, 0.9293624768535352, 0.9200295839986712, 0.9293624768535352, 1.0', '\\n']\n",
      "['[1.0, 0.9489642136889129, 0.9312897162564632, 0.9489642136889129, 1.0, 0.981374958952621, 0.9312897162564632, 0.981374958952621, 1.0', '\\n']\n",
      "['[1.0, 0.8738641018750661, 0.9228890020094024, 0.8738641018750661, 1.0, 0.9468788770614943, 0.9228890020094024, 0.9468788770614943, 1.0', '\\n']\n",
      "['[1.0, 0.8692234667377166, 0.9277726723843966, 0.8692234667377166, 1.0, 0.9368927244901413, 0.9277726723843966, 0.9368927244901413, 1.0', '\\n']\n",
      "['[1.0, 0.920384638749777, 0.9480239355485341, 0.920384638749777, 1.0, 0.9708453597400315, 0.9480239355485341, 0.9708453597400315, 1.0', '\\n']\n",
      "['[1.0, 0.9508669091011773, 0.9915071190141261, 0.9508669091011773, 1.0, 0.9590116811734463, 0.9915071190141261, 0.9590116811734463, 1.0', '\\n']\n",
      "['[1.0, 0.9301240322644297, 0.9206767261158986, 0.9301240322644297, 1.0, 0.9898429609161574, 0.9206767261158986, 0.9898429609161574, 1.0', '\\n']\n",
      "['[1.0, 0.8691244146335306, 0.8895374407543459, 0.8691244146335306, 1.0, 0.9770520888884624, 0.8895374407543459, 0.9770520888884624, 1.0', '\\n']\n",
      "['[1.0, 0.9366035234410567, 0.9968656865146639, 0.9366035234410567, 1.0, 0.9395483625439034, 0.9968656865146639, 0.9395483625439034, 1.0', '\\n']\n",
      "['[1.0, 0.874425434981485, 0.9589656336494247, 0.874425434981485, 1.0, 0.9118423062292496, 0.9589656336494247, 0.9118423062292496, 1.0', '\\n']\n",
      "['[1.0, 0.9094358954620562, 0.9910653666780195, 0.9094358954620562, 1.0, 0.9013104192062557, 0.9910653666780195, 0.9013104192062557, 1.0', '\\n']\n",
      "['[1.0, 0.9426039554191061, 0.9558897474298865, 0.9426039554191061, 1.0, 0.9861011251072606, 0.9558897474298865, 0.9861011251072606, 1.0', '\\n']\n",
      "['[1.0, 0.9747723604217153, 0.9227796059724653, 0.9747723604217153, 1.0, 0.8995000546628005, 0.9227796059724653, 0.8995000546628005, 1.0', '\\n']\n",
      "['[1.0, 0.8853633798160295, 0.9037626955640685, 0.8853633798160295, 1.0, 0.979641430390579, 0.9037626955640685, 0.979641430390579, 1.0', '\\n']\n",
      "['[1.0, 0.8713648593877489, 0.9041688678222101, 0.8713648593877489, 1.0, 0.9637191573367558, 0.9041688678222101, 0.9637191573367558, 1.0', '\\n']\n",
      "['[1.0, 0.9163249169928119, 0.9149233390971729, 0.9163249169928119, 1.0, 0.9984704356831867, 0.9149233390971729, 0.9984704356831867, 1.0', '\\n']\n",
      "['[1.0, 0.937945570266884, 0.952082284790308, 0.937945570266884, 1.0, 0.9851517933383903, 0.952082284790308, 0.9851517933383903, 1.0', '\\n']\n",
      "['[1.0, 0.9191805288993287, 0.9752072999432532, 0.9191805288993287, 1.0, 0.9425488600760221, 0.9752072999432532, 0.9425488600760221, 1.0', '\\n']\n",
      "['[1.0, 0.8844776797932685, 0.9439538810445731, 0.8844776797932685, 1.0, 0.936992471300093, 0.9439538810445731, 0.936992471300093, 1.0', '\\n']\n",
      "['[1.0, 0.992019044766274, 0.9641291725303268, 0.992019044766274, 1.0, 0.956434500764833, 0.9641291725303268, 0.956434500764833, 1.0', '\\n']\n",
      "['[1.0, 0.9284837909697574, 0.951320544269102, 0.9284837909697574, 1.0, 0.9759946808287526, 0.951320544269102, 0.9759946808287526, 1.0', '\\n']\n",
      "['[1.0, 0.9205215599454557, 0.9701879904746354, 0.9205215599454557, 1.0, 0.9488074156588127, 0.9701879904746354, 0.9488074156588127, 1.0', '\\n']\n",
      "['[1.0, 0.8902959555406192, 0.8993569740267973, 0.8902959555406192, 1.0, 0.9899250033658958, 0.8993569740267973, 0.9899250033658958, 1.0', '\\n']\n",
      "['[1.0, 0.8810436980150135, 0.9717683293184795, 0.8810436980150135, 1.0, 0.9066396500418027, 0.9717683293184795, 0.9066396500418027, 1.0', '\\n']\n",
      "['[1.0, 0.9239165358820021, 0.9314055858189092, 0.9239165358820021, 1.0, 0.9919594105393704, 0.9314055858189092, 0.9919594105393704, 1.0', '\\n']\n",
      "['[1.0, 0.9933438358268224, 0.975795376025339, 0.9933438358268224, 1.0, 0.9693003218030867, 0.975795376025339, 0.9693003218030867, 1.0', '\\n']\n",
      "['[1.0, 0.8518977608786021, 0.8799980054575275, 0.8518977608786021, 1.0, 0.9680678315125094, 0.8799980054575275, 0.9680678315125094, 1.0', '\\n']\n",
      "['[1.0, 0.9740820979554825, 0.983622708092074, 0.9740820979554825, 1.0, 0.9581292710949806, 0.983622708092074, 0.9581292710949806, 1.0', '\\n']\n",
      "['[1.0, 0.9252226131807579, 0.9668801059073348, 0.9252226131807579, 1.0, 0.9569155550185979, 0.9668801059073348, 0.9569155550185979, 1.0', '\\n']\n",
      "['[1.0, 0.8883405310213697, 0.9965678845850345, 0.8883405310213697, 1.0, 0.8852916437911126, 0.9965678845850345, 0.8852916437911126, 1.0', '\\n']\n",
      "['[1.0, 0.9810642119431001, 0.9550526323852326, 0.9810642119431001, 1.0, 0.9369679581552016, 0.9550526323852326, 0.9369679581552016, 1.0', '\\n']\n",
      "['[1.0, 0.9460693866434725, 0.9779573877205916, 0.9460693866434725, 1.0, 0.9673932612223083, 0.9779573877205916, 0.9673932612223083, 1.0', '\\n']\n",
      "['[1.0, 0.9162921610055491, 0.9689026693840175, 0.9162921610055491, 1.0, 0.9457009356657924, 0.9689026693840175, 0.9457009356657924, 1.0', '\\n']\n",
      "['[1.0, 0.8703853776617507, 0.9444347406410188, 0.8703853776617507, 1.0, 0.9215939865479658, 0.9444347406410188, 0.9215939865479658, 1.0', '\\n']\n",
      "['[1.0, 0.8813553041392207, 0.9004622647314833, 0.8813553041392207, 1.0, 0.978780942477406, 0.9004622647314833, 0.978780942477406, 1.0', '\\n']\n",
      "['[1.0, 0.9515052072056908, 0.9129174953284367, 0.9515052072056908, 1.0, 0.8686457505541844, 0.9129174953284367, 0.8686457505541844, 1.0', '\\n']\n",
      "['[1.0, 0.8480102872324995, 0.8860808630103606, 0.8480102872324995, 1.0, 0.9570348741665399, 0.8860808630103606, 0.9570348741665399, 1.0', '\\n']\n",
      "['[1.0, 0.9486107994804319, 0.9931255293540447, 0.9486107994804319, 1.0, 0.9420896023849675, 0.9931255293540447, 0.9420896023849675, 1.0', '\\n']\n",
      "['[1.0, 0.9330135592121398, 0.9816599801965705, 0.9330135592121398, 1.0, 0.95044473446428, 0.9816599801965705, 0.95044473446428, 1.0', '\\n']\n",
      "['[1.0, 0.9395567951218798, 0.9269503867595521, 0.9395567951218798, 1.0, 0.9865826010436204, 0.9269503867595521, 0.9865826010436204, 1.0', '\\n']\n",
      "['[1.0, 0.8715886146967472, 0.9318222580191831, 0.8715886146967472, 1.0, 0.9353592996903968, 0.9318222580191831, 0.9353592996903968, 1.0', '\\n']\n",
      "['[1.0, 0.9096116401977817, 0.9511879298881762, 0.9096116401977817, 1.0, 0.9562901416386956, 0.9511879298881762, 0.9562901416386956, 1.0', '\\n']\n",
      "['[1.0, 0.9458177476349185, 0.9669917241056395, 0.9458177476349185, 1.0, 0.9781032495492095, 0.9669917241056395, 0.9781032495492095, 1.0', '\\n']\n",
      "['[1.0, 0.9435945498133907, 0.9944017565859375, 0.9435945498133907, 1.0, 0.9383120778393528, 0.9944017565859375, 0.9383120778393528, 1.0', '\\n']\n",
      "['[1.0, 0.9233731808484114, 0.948263732990321, 0.9233731808484114, 1.0, 0.9737514456411636, 0.948263732990321, 0.9737514456411636, 1.0', '\\n']\n",
      "['[1.0, 0.9645841958289446, 0.9685271611446088, 0.9645841958289446, 1.0, 0.9959289057923741, 0.9685271611446088, 0.9959289057923741, 1.0', '\\n']\n",
      "['[1.0, 0.8804826553629048, 0.9362512579217821, 0.8804826553629048, 1.0, 0.9404341493941828, 0.9362512579217821, 0.9404341493941828, 1.0', '\\n']\n",
      "['[1.0, 0.8862362622193909, 0.9752869201607391, 0.8862362622193909, 1.0, 0.9086928614538667, 0.9752869201607391, 0.9086928614538667, 1.0', '\\n']\n",
      "['[1.0, 0.9779785152505795, 0.9712989589576991, 0.9779785152505795, 1.0, 0.9499095137458842, 0.9712989589576991, 0.9499095137458842, 1.0', '\\n']\n",
      "['[1.0, 0.9958844552426179, 0.9155478106734626, 0.9958844552426179, 1.0, 0.9117798326811128, 0.9155478106734626, 0.9117798326811128, 1.0', '\\n']\n",
      "['[1.0, 0.9879475855119828, 0.8872426419614826, 0.9879475855119828, 1.0, 0.8765492258891194, 0.8872426419614826, 0.8765492258891194, 1.0', '\\n']\n",
      "['[1.0, 0.9542936795765558, 0.9725471781720793, 0.9542936795765558, 1.0, 0.9812312461490749, 0.9725471781720793, 0.9812312461490749, 1.0', '\\n']\n",
      "['[1.0, 0.9149662546135104, 0.9097458723108051, 0.9149662546135104, 1.0, 0.9942944537283394, 0.9097458723108051, 0.9942944537283394, 1.0', '\\n']\n",
      "['[1.0, 0.9104163081201653, 0.9381897783979355, 0.9104163081201653, 1.0, 0.9703967460344788, 0.9381897783979355, 0.9703967460344788, 1.0', '\\n']\n",
      "['[1.0, 0.863656734508914, 0.9309363299362053, 0.863656734508914, 1.0, 0.9277291117944642, 0.9309363299362053, 0.9277291117944642, 1.0', '\\n']\n",
      "['[1.0, 0.8839788086211093, 0.9473659710254555, 0.8839788086211093, 1.0, 0.9330911555375646, 0.9473659710254555, 0.9330911555375646, 1.0', '\\n']\n",
      "['[1.0, 0.9160405112193823, 0.950330921310625, 0.9160405112193823, 1.0, 0.9639174004314708, 0.950330921310625, 0.9639174004314708, 1.0', '\\n']\n",
      "['[1.0, 0.8929459392114899, 0.9525217099022791, 0.8929459392114899, 1.0, 0.9374546846844034, 0.9525217099022791, 0.9374546846844034, 1.0', '\\n']\n",
      "['[1.0, 0.9339272402568941, 0.970922122969326, 0.9339272402568941, 1.0, 0.9618971678188852, 0.970922122969326, 0.9618971678188852, 1.0', '\\n']\n",
      "['[1.0, 0.8716972668410724, 0.8991283737542795, 0.8716972668410724, 1.0, 0.9694914455889436, 0.8991283737542795, 0.9694914455889436, 1.0', '\\n']\n",
      "['[1.0, 0.8782517870448688, 0.951522499574165, 0.8782517870448688, 1.0, 0.9229963426381541, 0.951522499574165, 0.9229963426381541, 1.0', '\\n']\n",
      "['[1.0, 0.996145118763283, 0.9799887903657825, 0.996145118763283, 1.0, 0.9837811498614191, 0.9799887903657825, 0.9837811498614191, 1.0', '\\n']\n",
      "['[1.0, 0.8969504891390641, 0.9472807806300434, 0.8969504891390641, 1.0, 0.9468686660595981, 0.9472807806300434, 0.9468686660595981, 1.0', '\\n']\n",
      "['[1.0, 0.8925059696701108, 0.997289093320032, 0.8925059696701108, 1.0, 0.8900864692750208, 0.997289093320032, 0.8900864692750208, 1.0', '\\n']\n",
      "['[1.0, 0.9184122067762875, 0.9346575255206562, 0.9184122067762875, 1.0, 0.9826189611694197, 0.9346575255206562, 0.9826189611694197, 1.0', '\\n']\n",
      "['[1.0, 0.9877015858174522, 0.9603701065546678, 0.9877015858174522, 1.0, 0.9485590772157209, 0.9603701065546678, 0.9485590772157209, 1.0', '\\n']\n",
      "['[1.0, 0.8819592762417939, 0.9238536096969397, 0.8819592762417939, 1.0, 0.9546526278455644, 0.9238536096969397, 0.9546526278455644, 1.0', '\\n']\n",
      "['[1.0, 0.9418164340026626, 0.9892771199994022, 0.9418164340026626, 1.0, 0.9520248825761094, 0.9892771199994022, 0.9520248825761094, 1.0', '\\n']\n",
      "['[1.0, 0.8782554848756245, 0.8858030209556619, 0.8782554848756245, 1.0, 0.9914794419284159, 0.8858030209556619, 0.9914794419284159, 1.0', '\\n']\n",
      "['[1.0, 0.8882119589306172, 0.9335214910042599, 0.8882119589306172, 1.0, 0.9514638575434404, 0.9335214910042599, 0.9514638575434404, 1.0', '\\n']\n",
      "['[1.0, 0.8759483554887378, 0.9194517972896382, 0.8759483554887378, 1.0, 0.9526854567807252, 0.9194517972896382, 0.9526854567807252, 1.0', '\\n']\n",
      "['[1.0, 0.9943386483086523, 0.9154268147147085, 0.9943386483086523, 1.0, 0.9102442615689184, 0.9154268147147085, 0.9102442615689184, 1.0', '\\n']\n",
      "['[1.0, 0.9330611601623913, 0.9600249757552201, 0.9330611601623913, 1.0, 0.9719134228027586, 0.9600249757552201, 0.9719134228027586, 1.0', '\\n']\n",
      "['[1.0, 0.9096267991533065, 0.9345994686276776, 0.9096267991533065, 1.0, 0.9732798163142122, 0.9345994686276776, 0.9732798163142122, 1.0', '\\n']\n",
      "['[1.0, 0.8803797878658844, 0.9552569110170804, 0.8803797878658844, 1.0, 0.9216157221291674, 0.9552569110170804, 0.9216157221291674, 1.0', '\\n']\n",
      "['[1.0, 0.865268924438915, 0.8931716472896988, 0.865268924438915, 1.0, 0.9687599545558195, 0.8931716472896988, 0.9687599545558195, 1.0', '\\n']\n",
      "['[1.0, 0.9030327458733824, 0.9021389629451565, 0.9030327458733824, 1.0, 0.9990102430589474, 0.9021389629451565, 0.9990102430589474, 1.0', '\\n']\n",
      "['[1.0, 0.9285134253194636, 0.962571017038476, 0.9285134253194636, 1.0, 0.9646180997389712, 0.962571017038476, 0.9646180997389712, 1.0', '\\n']\n",
      "['[1.0, 0.881036589677867, 0.9052031673212723, 0.881036589677867, 1.0, 0.9733025927042209, 0.9052031673212723, 0.9733025927042209, 1.0', '\\n']\n",
      "['[1.0, 0.8781228343144993, 0.874720023691004, 0.8781228343144993, 1.0, 0.9961249036119739, 0.874720023691004, 0.9961249036119739, 1.0', '\\n']\n",
      "['[1.0, 0.968647562624946, 0.952454785177483, 0.968647562624946, 1.0, 0.9832831072184995, 0.952454785177483, 0.9832831072184995, 1.0', '\\n']\n",
      "['[1.0, 0.8955871631894995, 0.8613326080023989, 0.8955871631894995, 1.0, 0.9617518466152327, 0.8613326080023989, 0.9617518466152327, 1.0', '\\n']\n",
      "['[1.0, 0.958676650270266, 0.9778887667906853, 0.958676650270266, 1.0, 0.9374791272838155, 0.9778887667906853, 0.9374791272838155, 1.0', '\\n']\n",
      "['[1.0, 0.8685358947966078, 0.8759742341721967, 0.8685358947966078, 1.0, 0.9915084952440203, 0.8759742341721967, 0.9915084952440203, 1.0', '\\n']\n",
      "['[1.0, 0.8682127500978422, 0.8961831029353228, 0.8682127500978422, 1.0, 0.9687894664094117, 0.8961831029353228, 0.9687894664094117, 1.0', '\\n']\n",
      "['[1.0, 0.8653175116377092, 0.8697042272265144, 0.8653175116377092, 1.0, 0.9949560833999916, 0.8697042272265144, 0.9949560833999916, 1.0', '\\n']\n",
      "['[1.0, 0.8614548012409069, 0.9191161804468274, 0.8614548012409069, 1.0, 0.9372643193182733, 0.9191161804468274, 0.9372643193182733, 1.0', '\\n']\n",
      "['[1.0, 0.9667343941882225, 0.9319873577688798, 0.9667343941882225, 1.0, 0.9640573081621657, 0.9319873577688798, 0.9640573081621657, 1.0', '\\n']\n",
      "['[1.0, 0.9370792497059827, 0.9560465289683971, 0.9370792497059827, 1.0, 0.9801607153127989, 0.9560465289683971, 0.9801607153127989, 1.0', '\\n']\n",
      "['[1.0, 0.9152606923845642, 0.9258286566214652, 0.9152606923845642, 1.0, 0.9885853995106767, 0.9258286566214652, 0.9885853995106767, 1.0', '\\n']\n",
      "['[1.0, 0.9266593402935297, 0.9819239737568763, 0.9266593402935297, 1.0, 0.9437180118416886, 0.9819239737568763, 0.9437180118416886, 1.0', '\\n']\n",
      "['[1.0, 0.9250249962822296, 0.9829016928939585, 0.9250249962822296, 1.0, 0.909208634815031, 0.9829016928939585, 0.909208634815031, 1.0', '\\n']\n",
      "['[1.0, 0.930388074680239, 0.9735602989265287, 0.930388074680239, 1.0, 0.955655315552727, 0.9735602989265287, 0.955655315552727, 1.0', '\\n']\n",
      "['[1.0, 0.859908808810183, 0.9512736865197725, 0.859908808810183, 1.0, 0.9039552139365409, 0.9512736865197725, 0.9039552139365409, 1.0', '\\n']\n",
      "['[1.0, 0.9358574504292577, 0.9208768537767059, 0.9358574504292577, 1.0, 0.9839926511824204, 0.9208768537767059, 0.9839926511824204, 1.0', '\\n']\n",
      "['[1.0, 0.9041395846321082, 0.8814183780646754, 0.9041395846321082, 1.0, 0.9748698022367, 0.8814183780646754, 0.9748698022367, 1.0', '\\n']\n",
      "['[1.0, 0.9105712701233067, 0.9993278994447763, 0.9105712701233067, 1.0, 0.909959274667086, 0.9993278994447763, 0.909959274667086, 1.0', '\\n']\n",
      "['[1.0, 0.9367039059448138, 0.9852467435277547, 0.9367039059448138, 1.0, 0.9507302735057724, 0.9852467435277547, 0.9507302735057724, 1.0', '\\n']\n",
      "['[1.0, 0.9349134787443363, 0.928631982933504, 0.9349134787443363, 1.0, 0.9932812009307335, 0.928631982933504, 0.9932812009307335, 1.0', '\\n']\n",
      "['[1.0, 0.963520349783592, 0.9465220711331519, 0.963520349783592, 1.0, 0.9119932770561046, 0.9465220711331519, 0.9119932770561046, 1.0', '\\n']\n",
      "['[1.0, 0.9297132913746179, 0.9301234736788835, 0.9297132913746179, 1.0, 0.9995590023089697, 0.9301234736788835, 0.9995590023089697, 1.0', '\\n']\n",
      "['[1.0, 0.8977616488229311, 0.9472245843136337, 0.8977616488229311, 1.0, 0.9477811953893239, 0.9472245843136337, 0.9477811953893239, 1.0', '\\n']\n",
