{
 "cells": [
  {
   "cell_type": "code",
   "execution_count": 3,
   "id": "1f075ada-6f7d-4d8c-8117-0867f6e2fc3c",
   "metadata": {},
   "outputs": [
    {
     "name": "stdout",
     "output_type": "stream",
     "text": [
      "[1.0, 0.879463227434187, 0.9053817981517506, 0.879463227434187, 1.0, 0.9713727724917004, 0.9053817981517506, 0.9713727724917004, 1.0]\n",
      "[1.0, 0.9264883324869424, 0.9914794509339194, 0.9264883324869424, 1.0, 0.9185941431908363, 0.9914794509339194, 0.9185941431908363, 1.0]\n",
      "[1.0, 0.9580243952832581, 0.9785237794744343, 0.9580243952832581, 1.0, 0.9790507041104445, 0.9785237794744343, 0.9790507041104445, 1.0]\n",
      "[1.0, 0.892770091040984, 0.9136419962199668, 0.892770091040984, 1.0, 0.9771552694979689, 0.9136419962199668, 0.9771552694979689, 1.0]\n",
      "[1.0, 0.9304639688097207, 0.9192212282145283, 0.9304639688097207, 1.0, 0.855302232218636, 0.9192212282145283, 0.855302232218636, 1.0]\n",
      "[1.0, 0.8577837933738014, 0.9155038885085116, 0.8577837933738014, 1.0, 0.9369526488535788, 0.9155038885085116, 0.9369526488535788, 1.0]\n",
      "[1.0, 0.9225756392858722, 0.9777370066549278, 0.9225756392858722, 1.0, 0.9435826127132327, 0.9777370066549278, 0.9435826127132327, 1.0]\n",
      "[1.0, 0.8777135862504626, 0.8724093580686803, 0.8777135862504626, 1.0, 0.9939567664613218, 0.8724093580686803, 0.9939567664613218, 1.0]\n",
      "[1.0, 0.8791184420804677, 0.9317786023959915, 0.8791184420804677, 1.0, 0.9434842566891829, 0.9317786023959915, 0.9434842566891829, 1.0]\n",
      "[1.0, 0.8907459954950676, 0.9301992790986269, 0.8907459954950676, 1.0, 0.957586202773894, 0.9301992790986269, 0.957586202773894, 1.0]\n",
      "[1.0, 0.889286997402759, 0.9725407733018598, 0.889286997402759, 1.0, 0.9143955932907089, 0.9725407733018598, 0.9143955932907089, 1.0]\n",
      "[1.0, 0.9817261364441469, 0.9337254484500183, 0.9817261364441469, 1.0, 0.9166626770064149, 0.9337254484500183, 0.9166626770064149, 1.0]\n",
      "[1.0, 0.9167399897837721, 0.9492420815262038, 0.9167399897837721, 1.0, 0.9657599548366267, 0.9492420815262038, 0.9657599548366267, 1.0]\n",
      "[1.0, 0.9160935386326151, 0.9421647054516653, 0.9160935386326151, 1.0, 0.9723284403796978, 0.9421647054516653, 0.9723284403796978, 1.0]\n",
      "[1.0, 0.906427383686925, 0.9214333803561098, 0.906427383686925, 1.0, 0.9837145072133319, 0.9214333803561098, 0.9837145072133319, 1.0]\n",
      "[1.0, 0.8570921507185669, 0.8674754732047065, 0.8570921507185669, 1.0, 0.9880304137616933, 0.8674754732047065, 0.9880304137616933, 1.0]\n",
      "[1.0, 0.9166902514586378, 0.9270541466137068, 0.9166902514586378, 1.0, 0.9888206150709474, 0.9270541466137068, 0.9888206150709474, 1.0]\n",
      "[1.0, 0.9692229013957873, 0.9648830987899938, 0.9692229013957873, 1.0, 0.995522389535427, 0.9648830987899938, 0.995522389535427, 1.0]\n",
      "[1.0, 0.9122759233391723, 0.9380657876549774, 0.9122759233391723, 1.0, 0.9725074033663718, 0.9380657876549774, 0.9725074033663718, 1.0]\n",
      "[1.0, 0.9165124535382002, 0.9406115531645147, 0.9165124535382002, 1.0, 0.9743793284855609, 0.9406115531645147, 0.9743793284855609, 1.0]\n",
      "[1.0, 0.9337088823910706, 0.9660893864300608, 0.9337088823910706, 1.0, 0.9664829109047103, 0.9660893864300608, 0.9664829109047103, 1.0]\n",
      "[1.0, 0.9728215020956311, 0.9462602548994952, 0.9728215020956311, 1.0, 0.9205423225447216, 0.9462602548994952, 0.9205423225447216, 1.0]\n",
      "[1.0, 0.9410501150532538, 0.9992836373901199, 0.9410501150532538, 1.0, 0.9417247314396565, 0.9992836373901199, 0.9417247314396565, 1.0]\n",
      "[1.0, 0.8895427537544166, 0.9560453989341389, 0.8895427537544166, 1.0, 0.9304398669206884, 0.9560453989341389, 0.9304398669206884, 1.0]\n",
      "[1.0, 0.8956671392547005, 0.9663594453487998, 0.8956671392547005, 1.0, 0.9268467789761362, 0.9663594453487998, 0.9268467789761362, 1.0]\n",
      "[1.0, 0.9411833557437572, 0.9674422097641324, 0.9411833557437572, 1.0, 0.9728574443461825, 0.9674422097641324, 0.9728574443461825, 1.0]\n",
      "[1.0, 0.9502930298957742, 0.9747116088657009, 0.9502930298957742, 1.0, 0.974947893563776, 0.9747116088657009, 0.974947893563776, 1.0]\n",
      "[1.0, 0.9307014004807155, 0.9748037400391463, 0.9307014004807155, 1.0, 0.9547577243018581, 0.9748037400391463, 0.9547577243018581, 1.0]\n",
      "[1.0, 0.8730370254410456, 0.894789490767787, 0.8730370254410456, 1.0, 0.9756898515783009, 0.894789490767787, 0.9756898515783009, 1.0]\n",
      "[1.0, 0.9453454094637274, 0.9420264346440792, 0.9453454094637274, 1.0, 0.996489140597265, 0.9420264346440792, 0.996489140597265, 1.0]\n",
      "[1.0, 0.935112974933736, 0.969023667720867, 0.935112974933736, 1.0, 0.9650052997499138, 0.969023667720867, 0.9650052997499138, 1.0]\n",
      "[1.0, 0.8730516612951386, 0.9137515599628542, 0.8730516612951386, 1.0, 0.9554584632726972, 0.9137515599628542, 0.9554584632726972, 1.0]\n",
      "[1.0, 0.9179080397146826, 0.9942303670661164, 0.9179080397146826, 1.0, 0.9232347654229732, 0.9942303670661164, 0.9232347654229732, 1.0]\n",
      "[1.0, 0.905032448987909, 0.9452102950671908, 0.905032448987909, 1.0, 0.9574932199861136, 0.9452102950671908, 0.9574932199861136, 1.0]\n",
      "[1.0, 0.9163466960674331, 0.96288085793137, 0.9163466960674331, 1.0, 0.9516719420885469, 0.96288085793137, 0.9516719420885469, 1.0]\n",
      "[1.0, 0.885875227829211, 0.9108241794776193, 0.885875227829211, 1.0, 0.972608377982766, 0.9108241794776193, 0.972608377982766, 1.0]\n",
      "[1.0, 0.9005924182947054, 0.9849561858183126, 0.9005924182947054, 1.0, 0.9143476951175074, 0.9849561858183126, 0.9143476951175074, 1.0]\n",
      "[1.0, 0.9104217380217514, 0.924995731255723, 0.9104217380217514, 1.0, 0.9842442589284313, 0.924995731255723, 0.9842442589284313, 1.0]\n",
      "[1.0, 0.9273330890998012, 0.9793230781346891, 0.9273330890998012, 1.0, 0.946912321178101, 0.9793230781346891, 0.946912321178101, 1.0]\n",
      "[1.0, 0.9152169033173475, 0.9598884614179728, 0.9152169033173475, 1.0, 0.9534617198808336, 0.9598884614179728, 0.9534617198808336, 1.0]\n",
      "[1.0, 0.9382549517223717, 0.9635200547336158, 0.9382549517223717, 1.0, 0.9737783319743883, 0.9635200547336158, 0.9737783319743883, 1.0]\n",
      "[1.0, 0.8611415439413511, 0.9779611569276968, 0.8611415439413511, 1.0, 0.8805477986944399, 0.9779611569276968, 0.8805477986944399, 1.0]\n",
      "[1.0, 0.9256259644167422, 0.956565621301282, 0.9256259644167422, 1.0, 0.9676554789388622, 0.956565621301282, 0.9676554789388622, 1.0]\n",
      "[1.0, 0.9011439342764285, 0.9254318013045856, 0.9011439342764285, 1.0, 0.9737550978970915, 0.9254318013045856, 0.9737550978970915, 1.0]\n",
      "[1.0, 0.8783926608757118, 0.9548935278164155, 0.8783926608757118, 1.0, 0.9198854482597231, 0.9548935278164155, 0.9198854482597231, 1.0]\n",
      "[1.0, 0.8774453469009642, 0.9006868915091497, 0.8774453469009642, 1.0, 0.9741957556757121, 0.9006868915091497, 0.9741957556757121, 1.0]\n",
      "[1.0, 0.9396949108695755, 0.973529330568496, 0.9396949108695755, 1.0, 0.9652456082867449, 0.973529330568496, 0.9652456082867449, 1.0]\n",
      "[1.0, 0.8955613800601708, 0.9165636231355933, 0.8955613800601708, 1.0, 0.9770858862982439, 0.9165636231355933, 0.9770858862982439, 1.0]\n",
      "[1.0, 0.8747433200616546, 0.9375744475942623, 0.8747433200616546, 1.0, 0.9329854523085317, 0.9375744475942623, 0.9329854523085317, 1.0]\n",
      "[1.0, 0.9439888842505081, 0.9546681676698834, 0.9439888842505081, 1.0, 0.9888136173583321, 0.9546681676698834, 0.9888136173583321, 1.0]\n",
      "[1.0, 0.8789998483139603, 0.9928449471676624, 0.8789998483139603, 1.0, 0.885334463172247, 0.9928449471676624, 0.885334463172247, 1.0]\n",
      "[1.0, 0.9332929252432821, 0.9948813046386921, 0.9332929252432821, 1.0, 0.9380947464705081, 0.9948813046386921, 0.9380947464705081, 1.0]\n",
      "[1.0, 0.9343925428793122, 0.9995427976440789, 0.9343925428793122, 1.0, 0.9339653364073527, 0.9995427976440789, 0.9339653364073527, 1.0]\n",
      "[1.0, 0.8986589988237774, 0.9601537231858646, 0.8986589988237774, 1.0, 0.9359532511543642, 0.9601537231858646, 0.9359532511543642, 1.0]\n",
      "[1.0, 0.9897101526486296, 0.9756560301367188, 0.9897101526486296, 1.0, 0.9656166785191679, 0.9756560301367188, 0.9656166785191679, 1.0]\n",
      "[1.0, 0.9903289854257715, 0.9834983742598606, 0.9903289854257715, 1.0, 0.9739869471486635, 0.9834983742598606, 0.9739869471486635, 1.0]\n",
      "[1.0, 0.904430511913263, 0.973764744905679, 0.904430511913263, 1.0, 0.9287977580261115, 0.973764744905679, 0.9287977580261115, 1.0]\n",
      "[1.0, 0.8402035270578243, 0.8849600353656166, 0.8402035270578243, 1.0, 0.9494253903914414, 0.8849600353656166, 0.9494253903914414, 1.0]\n",
      "[1.0, 0.8961035755721278, 0.9115239392798964, 0.8961035755721278, 1.0, 0.9830828757827792, 0.9115239392798964, 0.9830828757827792, 1.0]\n",
      "[1.0, 0.8622424671145765, 0.9691705597312946, 0.8622424671145765, 1.0, 0.8896705109920341, 0.9691705597312946, 0.8896705109920341, 1.0]\n",
      "[1.0, 0.9134917279181707, 0.9298774267537812, 0.9134917279181707, 1.0, 0.9823786465138602, 0.9298774267537812, 0.9823786465138602, 1.0]\n",
      "[1.0, 0.8772720267455133, 0.865721749246509, 0.8772720267455133, 1.0, 0.9868338700575541, 0.865721749246509, 0.9868338700575541, 1.0]\n",
      "[1.0, 0.8966506015679973, 0.8816136935828321, 0.8966506015679973, 1.0, 0.9832299136822418, 0.8816136935828321, 0.9832299136822418, 1.0]\n",
      "[1.0, 0.9135112437394382, 0.9987721251690592, 0.9135112437394382, 1.0, 0.9146343001761396, 0.9987721251690592, 0.9146343001761396, 1.0]\n",
      "[1.0, 0.9400103096549227, 0.9758758762850114, 0.9400103096549227, 1.0, 0.9632478192138302, 0.9758758762850114, 0.9632478192138302, 1.0]\n",
      "[1.0, 0.8830357256980713, 0.9744794677780054, 0.8830357256980713, 1.0, 0.9061614481334912, 0.9744794677780054, 0.9061614481334912, 1.0]\n",
      "[1.0, 0.8767705655846717, 0.9625759712646169, 0.8767705655846717, 1.0, 0.9108585626054894, 0.9625759712646169, 0.9108585626054894, 1.0]\n",
      "[1.0, 0.8752545319504796, 0.9314230327611591, 0.8752545319504796, 1.0, 0.9396960362423392, 0.9314230327611591, 0.9396960362423392, 1.0]\n",
      "[1.0, 0.8847121953395224, 0.9200998441304112, 0.8847121953395224, 1.0, 0.9615393383482922, 0.9200998441304112, 0.9615393383482922, 1.0]\n",
      "[1.0, 0.9115525438906162, 0.9842516472160119, 0.9115525438906162, 1.0, 0.897197092848285, 0.9842516472160119, 0.897197092848285, 1.0]\n",
      "[1.0, 0.8744142633510963, 0.9225065685531191, 0.8744142633510963, 1.0, 0.9478677910364889, 0.9225065685531191, 0.9478677910364889, 1.0]\n",
      "[1.0, 0.9528610994514994, 0.9711111089378476, 0.9528610994514994, 1.0, 0.9253339989520822, 0.9711111089378476, 0.9253339989520822, 1.0]\n",
      "[1.0, 0.9403183891874869, 0.9969222547577886, 0.9403183891874869, 1.0, 0.9374243287390012, 0.9969222547577886, 0.9374243287390012, 1.0]\n",
      "[1.0, 0.955158256703572, 0.978232058115814, 0.955158256703572, 1.0, 0.9343664272814484, 0.978232058115814, 0.9343664272814484, 1.0]\n",
      "[1.0, 0.9039805692748577, 0.9352014968170641, 0.9039805692748577, 1.0, 0.9666158280878868, 0.9352014968170641, 0.9666158280878868, 1.0]\n",
      "[1.0, 0.8993180033724294, 0.9189433294786217, 0.8993180033724294, 1.0, 0.9786435947934601, 0.9189433294786217, 0.9786435947934601, 1.0]\n",
      "[1.0, 0.8647496026828284, 0.8902251037810859, 0.8647496026828284, 1.0, 0.9713830794143476, 0.8902251037810859, 0.9713830794143476, 1.0]\n",
      "[1.0, 0.8845636272378393, 0.9024098907440647, 0.8845636272378393, 1.0, 0.9802237722688183, 0.9024098907440647, 0.9802237722688183, 1.0]\n",
      "[1.0, 0.8647251407177944, 0.8674536023129582, 0.8647251407177944, 1.0, 0.9968546310858716, 0.8674536023129582, 0.9968546310858716, 1.0]\n",
      "[1.0, 0.9302956788188544, 0.9944791871574259, 0.9302956788188544, 1.0, 0.9251596904878401, 0.9944791871574259, 0.9251596904878401, 1.0]\n",
      "[1.0, 0.9286393619011867, 0.9479707624613442, 0.9286393619011867, 1.0, 0.9796075983293359, 0.9479707624613442, 0.9796075983293359, 1.0]\n",
      "[1.0, 0.86858767529961, 0.9211359861923474, 0.86858767529961, 1.0, 0.9429527109130177, 0.9211359861923474, 0.9429527109130177, 1.0]\n",
      "[1.0, 0.9030037072910685, 0.9852792985920827, 0.9030037072910685, 1.0, 0.9164951588665446, 0.9852792985920827, 0.9164951588665446, 1.0]\n",
      "[1.0, 0.9109199982781128, 0.9656934478039335, 0.9109199982781128, 1.0, 0.9432807070914894, 0.9656934478039335, 0.9432807070914894, 1.0]\n",
      "[1.0, 0.8677676598483691, 0.9035746704865629, 0.8677676598483691, 1.0, 0.9603718300127733, 0.9035746704865629, 0.9603718300127733, 1.0]\n",
      "[1.0, 0.8536677069088876, 0.8631892968795027, 0.8536677069088876, 1.0, 0.988969290971243, 0.8631892968795027, 0.988969290971243, 1.0]\n",
      "[1.0, 0.8840628137071745, 0.8806098885638771, 0.8840628137071745, 1.0, 0.9960942536098558, 0.8806098885638771, 0.9960942536098558, 1.0]\n",
      "[1.0, 0.852581012753066, 0.9269157144150265, 0.852581012753066, 1.0, 0.9198042491825992, 0.9269157144150265, 0.9198042491825992, 1.0]\n",
      "[1.0, 0.9208422067019231, 0.9259313039895928, 0.9208422067019231, 1.0, 0.9945038068529034, 0.9259313039895928, 0.9945038068529034, 1.0]\n",
      "[1.0, 0.9348098206024669, 0.9666037976908312, 0.9348098206024669, 1.0, 0.9671075396513871, 0.9666037976908312, 0.9671075396513871, 1.0]\n",
      "[1.0, 0.9345826952779652, 0.9492650340562008, 0.9345826952779652, 1.0, 0.9845329404839679, 0.9492650340562008, 0.9845329404839679, 1.0]\n",
      "[1.0, 0.9382685023452098, 0.9579537932308706, 0.9382685023452098, 1.0, 0.9794506885146634, 0.9579537932308706, 0.9794506885146634, 1.0]\n",
      "[1.0, 0.9367513332060251, 0.960880389833153, 0.9367513332060251, 1.0, 0.9748885949984704, 0.960880389833153, 0.9748885949984704, 1.0]\n",
      "[1.0, 0.9401531501158922, 0.9742510739420653, 0.9401531501158922, 1.0, 0.9650008865905537, 0.9742510739420653, 0.9650008865905537, 1.0]\n",
      "[1.0, 0.9281368390660215, 0.9700054783876447, 0.9281368390660215, 1.0, 0.9568366980862647, 0.9700054783876447, 0.9568366980862647, 1.0]\n",
      "[1.0, 0.8792737795723066, 0.8716327923808633, 0.8792737795723066, 1.0, 0.9913098884909772, 0.8716327923808633, 0.9913098884909772, 1.0]\n",
      "[1.0, 0.9400513347777283, 0.9958324407922136, 0.9400513347777283, 1.0, 0.9439854500320257, 0.9958324407922136, 0.9439854500320257, 1.0]\n",
      "[1.0, 0.9574334198843644, 0.9778751249719502, 0.9574334198843644, 1.0, 0.9362503251217446, 0.9778751249719502, 0.9362503251217446, 1.0]\n",
      "[1.0, 0.8880280431140927, 0.9420171916444426, 0.8880280431140927, 1.0, 0.9426877248003264, 0.9420171916444426, 0.9426877248003264, 1.0]\n",
      "[1.0, 0.8704944871924019, 0.8788344423824088, 0.8704944871924019, 1.0, 0.9905102089906735, 0.8788344423824088, 0.9905102089906735, 1.0]\n",
      "[1.0, 0.9044336477083105, 0.9519461714324239, 0.9044336477083105, 1.0, 0.9500890647497224, 0.9519461714324239, 0.9500890647497224, 1.0]\n",
      "[1.0, 0.8649783010084942, 0.9385849288039141, 0.8649783010084942, 1.0, 0.9215770192589597, 0.9385849288039141, 0.9215770192589597, 1.0]\n",
      "[1.0, 0.9143039200724767, 0.948212823493924, 0.9143039200724767, 1.0, 0.9642391427522552, 0.948212823493924, 0.9642391427522552, 1.0]\n",
      "[1.0, 0.901130886350366, 0.9288922999243723, 0.901130886350366, 1.0, 0.9701134204942096, 0.9288922999243723, 0.9701134204942096, 1.0]\n",
      "[1.0, 0.9386894679973058, 0.9903702615692287, 0.9386894679973058, 1.0, 0.94781669484902, 0.9903702615692287, 0.94781669484902, 1.0]\n",
      "[1.0, 0.9926906876948298, 0.9672441269803673, 0.9926906876948298, 1.0, 0.9601742375809262, 0.9672441269803673, 0.9601742375809262, 1.0]\n",
      "[1.0, 0.967188267338685, 0.9961460520511313, 0.967188267338685, 1.0, 0.9634607740996052, 0.9961460520511313, 0.9634607740996052, 1.0]\n",
      "[1.0, 0.9170687233582447, 0.9372270721562612, 0.9170687233582447, 1.0, 0.9784914996622552, 0.9372270721562612, 0.9784914996622552, 1.0]\n",
      "[1.0, 0.9239550773445473, 0.9424006489884381, 0.9239550773445473, 1.0, 0.9804270384748885, 0.9424006489884381, 0.9804270384748885, 1.0]\n",
      "[1.0, 0.8588833462284201, 0.9224878101359183, 0.8588833462284201, 1.0, 0.9310511605588299, 0.9224878101359183, 0.9310511605588299, 1.0]\n",
      "[1.0, 0.8858124736056222, 0.9750977544177065, 0.8858124736056222, 1.0, 0.9084345334531078, 0.9750977544177065, 0.9084345334531078, 1.0]\n",
      "[1.0, 0.9353319093257878, 0.99458824914598, 0.9353319093257878, 1.0, 0.9302701260667018, 0.99458824914598, 0.9302701260667018, 1.0]\n",
      "[1.0, 0.8912915175729106, 0.8880107058064388, 0.8912915175729106, 1.0, 0.9963190362504449, 0.8880107058064388, 0.9963190362504449, 1.0]\n",
      "[1.0, 0.8808618826227506, 0.9823044080521444, 0.8808618826227506, 1.0, 0.8967300517051036, 0.9823044080521444, 0.8967300517051036, 1.0]\n",
      "[1.0, 0.8866272276666363, 0.9286263382053248, 0.8866272276666363, 1.0, 0.9547728630873679, 0.9286263382053248, 0.9547728630873679, 1.0]\n",
      "[1.0, 0.8956250474870525, 0.9594656827812154, 0.8956250474870525, 1.0, 0.9334623046557463, 0.9594656827812154, 0.9334623046557463, 1.0]\n",
      "[1.0, 0.9047015188028101, 0.9102658627184906, 0.9047015188028101, 1.0, 0.9938871222753947, 0.9102658627184906, 0.9938871222753947, 1.0]\n",
      "[1.0, 0.9254199135297833, 0.9500592871557842, 0.9254199135297833, 1.0, 0.9740654357479474, 0.9500592871557842, 0.9740654357479474, 1.0]\n",
      "[1.0, 0.9259147561865858, 0.9883843110357583, 0.9259147561865858, 1.0, 0.9367962905201229, 0.9883843110357583, 0.9367962905201229, 1.0]\n",
      "[1.0, 0.9421212289558688, 0.9944372312214337, 0.9421212289558688, 1.0, 0.9473913479674259, 0.9944372312214337, 0.9473913479674259, 1.0]\n",
      "[1.0, 0.9191341116470672, 0.9277001644748056, 0.9191341116470672, 1.0, 0.9907663562476697, 0.9277001644748056, 0.9907663562476697, 1.0]\n",
      "[1.0, 0.9243987705090037, 0.9630658245387931, 0.9243987705090037, 1.0, 0.9598500403144231, 0.9630658245387931, 0.9598500403144231, 1.0]\n",
      "[1.0, 0.8994625424244548, 0.9413111377868384, 0.8994625424244548, 1.0, 0.955542228618716, 0.9413111377868384, 0.955542228618716, 1.0]\n",
      "[1.0, 0.8866858093344067, 0.9121319743747192, 0.8866858093344067, 1.0, 0.9721025402516382, 0.9121319743747192, 0.9721025402516382, 1.0]\n",
      "[1.0, 0.8841959893555378, 0.9182373874872435, 0.8841959893555378, 1.0, 0.9629274536241005, 0.9182373874872435, 0.9629274536241005, 1.0]\n",
      "[1.0, 0.9263044009161098, 0.9982261519874766, 0.9263044009161098, 1.0, 0.9279504439668605, 0.9982261519874766, 0.9279504439668605, 1.0]\n",
      "[1.0, 0.9147561623596803, 0.9613098223059937, 0.9147561623596803, 1.0, 0.9515726783747613, 0.9613098223059937, 0.9515726783747613, 1.0]\n",
      "[1.0, 0.923110462449954, 0.9991145299789215, 0.923110462449954, 1.0, 0.9222930758093105, 0.9991145299789215, 0.9222930758093105, 1.0]\n",
      "[1.0, 0.8946211018162099, 0.9067342373156846, 0.8946211018162099, 1.0, 0.9866409196863077, 0.9067342373156846, 0.9866409196863077, 1.0]\n",
      "[1.0, 0.9713543222536295, 0.9654823806238573, 0.9713543222536295, 1.0, 0.9378254834787076, 0.9654823806238573, 0.9378254834787076, 1.0]\n",
      "[1.0, 0.9269142969146184, 0.9796752265604213, 0.9269142969146184, 1.0, 0.9461444688858335, 0.9796752265604213, 0.9461444688858335, 1.0]\n",
      "[1.0, 0.9583930826325928, 0.9951726754863994, 0.9583930826325928, 1.0, 0.9630419988814201, 0.9951726754863994, 0.9630419988814201, 1.0]\n",
      "[1.0, 0.9070554901586037, 0.966674828405859, 0.9070554901586037, 1.0, 0.9383253432329737, 0.966674828405859, 0.9383253432329737, 1.0]\n",
      "[1.0, 0.8775647210019039, 0.9051987150952003, 0.8775647210019039, 1.0, 0.9694719030943496, 0.9051987150952003, 0.9694719030943496, 1.0]\n",
      "[1.0, 0.9171637388733369, 0.9426548909053846, 0.9171637388733369, 1.0, 0.9729581289207926, 0.9426548909053846, 0.9729581289207926, 1.0]\n",
      "[1.0, 0.932625896157404, 0.9639214605654818, 0.932625896157404, 1.0, 0.9675330764088204, 0.9639214605654818, 0.9675330764088204, 1.0]\n",
      "[1.0, 0.9157462940649425, 0.9769611462690854, 0.9157462940649425, 1.0, 0.9373415693777423, 0.9769611462690854, 0.9373415693777423, 1.0]\n",
      "[1.0, 0.8715036964854257, 0.8833223977502364, 0.8715036964854257, 1.0, 0.9866201725497824, 0.8833223977502364, 0.9866201725497824, 1.0]\n",
      "[1.0, 0.888182017842222, 0.9092651171491473, 0.888182017842222, 1.0, 0.9768130340543273, 0.9092651171491473, 0.9768130340543273, 1.0]\n",
      "[1.0, 0.8663650854962672, 0.9231854236455723, 0.8663650854962672, 1.0, 0.9384518681794964, 0.9231854236455723, 0.9384518681794964, 1.0]\n",
      "[1.0, 0.8558153964862542, 0.8922497730338986, 0.8558153964862542, 1.0, 0.9591657205764734, 0.8922497730338986, 0.9591657205764734, 1.0]\n",
      "[1.0, 0.9367947228293168, 0.9993785198179743, 0.9367947228293168, 1.0, 0.9373772842345496, 0.9993785198179743, 0.9373772842345496, 1.0]\n",
      "[1.0, 0.8616718248955196, 0.8951841694894384, 0.8616718248955196, 1.0, 0.9625637430418008, 0.8951841694894384, 0.9625637430418008, 1.0]\n",
      "[1.0, 0.8657844877308429, 0.8979244581479155, 0.8657844877308429, 1.0, 0.9642063760203554, 0.8979244581479155, 0.9642063760203554, 1.0]\n",
      "[1.0, 0.9317301892926594, 0.9896080837142648, 0.9317301892926594, 1.0, 0.9220477271646378, 0.9896080837142648, 0.9220477271646378, 1.0]\n",
      "[1.0, 0.9206651308850176, 0.947585090014251, 0.9206651308850176, 1.0, 0.9715909849016002, 0.947585090014251, 0.9715909849016002, 1.0]\n",
      "[1.0, 0.951678993297689, 0.9629837014789872, 0.951678993297689, 1.0, 0.9164513595856049, 0.9629837014789872, 0.9164513595856049, 1.0]\n",
      "[1.0, 0.8647772580614833, 0.8844568225541991, 0.8647772580614833, 1.0, 0.9777495475292013, 0.8844568225541991, 0.9777495475292013, 1.0]\n",
      "[1.0, 0.9063933237432424, 0.9616745346025803, 0.9063933237432424, 1.0, 0.8716553777776685, 0.9616745346025803, 0.8716553777776685, 1.0]\n",
      "[1.0, 0.8811274490660259, 0.9036611295140844, 0.8811274490660259, 1.0, 0.9750640149143349, 0.9036611295140844, 0.9750640149143349, 1.0]\n",
      "[1.0, 0.9226798356009911, 0.9938641932700203, 0.9226798356009911, 1.0, 0.9283761723673555, 0.9938641932700203, 0.9283761723673555, 1.0]\n",
      "[1.0, 0.9149184883154331, 0.9848970654910671, 0.9149184883154331, 1.0, 0.9289483341685633, 0.9848970654910671, 0.9289483341685633, 1.0]\n",
      "[1.0, 0.9430387715344509, 0.9368487858457293, 0.9430387715344509, 1.0, 0.8834847281174983, 0.9368487858457293, 0.8834847281174983, 1.0]\n",
      "[1.0, 0.8589728716579754, 0.8670447510217372, 0.8589728716579754, 1.0, 0.990690354385688, 0.8670447510217372, 0.990690354385688, 1.0]\n",
      "[1.0, 0.9660558759181428, 0.9430911098329438, 0.9660558759181428, 1.0, 0.9110787081802779, 0.9430911098329438, 0.9110787081802779, 1.0]\n",
      "[1.0, 0.9802264227147202, 0.9936105054416796, 0.9802264227147202, 1.0, 0.9865298498217769, 0.9936105054416796, 0.9865298498217769, 1.0]\n",
      "[1.0, 0.8930554745273914, 0.9664295323433559, 0.8930554745273914, 1.0, 0.9240771775278324, 0.9664295323433559, 0.9240771775278324, 1.0]\n",
      "[1.0, 0.9368472268444104, 0.9888416647100717, 0.9368472268444104, 1.0, 0.9263935713718409, 0.9888416647100717, 0.9263935713718409, 1.0]\n",
      "[1.0, 0.9360881513985241, 0.9890833370962608, 0.9360881513985241, 1.0, 0.9258691926015221, 0.9890833370962608, 0.9258691926015221, 1.0]\n",
      "[1.0, 0.9058729297138892, 0.9075336274129276, 0.9058729297138892, 1.0, 0.9981700978907277, 0.9075336274129276, 0.9981700978907277, 1.0]\n",
      "[1.0, 0.9363344461430704, 0.9804349597053706, 0.9363344461430704, 1.0, 0.9550194399682026, 0.9804349597053706, 0.9550194399682026, 1.0]\n",
      "[1.0, 0.9260097404889454, 0.9457380469094963, 0.9260097404889454, 1.0, 0.9791397771454585, 0.9457380469094963, 0.9791397771454585, 1.0]\n",
      "[1.0, 0.9432165929678337, 0.9642873760863041, 0.9432165929678337, 1.0, 0.9781488551639148, 0.9642873760863041, 0.9781488551639148, 1.0]\n",
      "[1.0, 0.8871342487528088, 0.9061093591854131, 0.8871342487528088, 1.0, 0.9790586972309138, 0.9061093591854131, 0.9790586972309138, 1.0]\n",
      "[1.0, 0.8887674908238878, 0.9088414223817464, 0.8887674908238878, 1.0, 0.9779126137261086, 0.9088414223817464, 0.9779126137261086, 1.0]\n",
      "[1.0, 0.9200177511469863, 0.9299072725766673, 0.9200177511469863, 1.0, 0.9893650456111841, 0.9299072725766673, 0.9893650456111841, 1.0]\n",
      "[1.0, 0.9430560666255055, 0.9715526793408469, 0.9430560666255055, 1.0, 0.9706689988908527, 0.9715526793408469, 0.9706689988908527, 1.0]\n",
      "[1.0, 0.9210133476016921, 0.9822560513740715, 0.9210133476016921, 1.0, 0.9376509783913194, 0.9822560513740715, 0.9376509783913194, 1.0]\n",
      "[1.0, 0.9715451735868812, 0.9996155833534041, 0.9715451735868812, 1.0, 0.9711716954492344, 0.9996155833534041, 0.9711716954492344, 1.0]\n",
      "[1.0, 0.9736984161682737, 0.9969240624701609, 0.9736984161682737, 1.0, 0.9707033806672367, 0.9969240624701609, 0.9707033806672367, 1.0]\n",
      "[1.0, 0.875657213260522, 0.8960871087995116, 0.875657213260522, 1.0, 0.9772009938114616, 0.8960871087995116, 0.9772009938114616, 1.0]\n",
      "[1.0, 0.885470095547048, 0.9028119896351651, 0.885470095547048, 1.0, 0.9807912452568059, 0.9028119896351651, 0.9807912452568059, 1.0]\n",
      "[1.0, 0.9118990956576594, 0.9154288704845217, 0.9118990956576594, 1.0, 0.9961441298819929, 0.9154288704845217, 0.9961441298819929, 1.0]\n",
      "[1.0, 0.8809616240695797, 0.9173476027880005, 0.8809616240695797, 1.0, 0.9603356692622985, 0.9173476027880005, 0.9603356692622985, 1.0]\n",
      "[1.0, 0.8794076856855856, 0.9163884449179056, 0.8794076856855856, 1.0, 0.959645105263595, 0.9163884449179056, 0.959645105263595, 1.0]\n",
      "[1.0, 0.9332088694680436, 0.9787167204209504, 0.9332088694680436, 1.0, 0.9535025304019189, 0.9787167204209504, 0.9535025304019189, 1.0]\n",
      "[1.0, 0.899249410852355, 0.9426558690896957, 0.899249410852355, 1.0, 0.9539530175744225, 0.9426558690896957, 0.9539530175744225, 1.0]\n",
      "[1.0, 0.9443223473043911, 0.9927524209338906, 0.9443223473043911, 1.0, 0.9374782964284085, 0.9927524209338906, 0.9374782964284085, 1.0]\n",
      "[1.0, 0.9355385964152809, 0.954940564390247, 0.9355385964152809, 1.0, 0.9796825386851644, 0.954940564390247, 0.9796825386851644, 1.0]\n",
      "[1.0, 0.9687950281280729, 0.9748914672327964, 0.9687950281280729, 1.0, 0.9444700064196153, 0.9748914672327964, 0.9444700064196153, 1.0]\n",
      "[1.0, 0.992422639354333, 0.8996396485413686, 0.992422639354333, 1.0, 0.8928227544732295, 0.8996396485413686, 0.8928227544732295, 1.0]\n",
      "[1.0, 0.9735199078493727, 0.9252846831288123, 0.9735199078493727, 1.0, 0.9007830594539974, 0.9252846831288123, 0.9007830594539974, 1.0]\n",
      "[1.0, 0.8906955345024867, 0.9442657621921351, 0.8906955345024867, 1.0, 0.9432678491219635, 0.9442657621921351, 0.9432678491219635, 1.0]\n",
      "[1.0, 0.968145808270675, 0.9942227075629841, 0.968145808270675, 1.0, 0.9737715714055373, 0.9942227075629841, 0.9737715714055373, 1.0]\n",
      "[1.0, 0.8601274899195378, 0.9601373033678198, 0.8601274899195378, 1.0, 0.8958380086915869, 0.9601373033678198, 0.8958380086915869, 1.0]\n",
      "[1.0, 0.8988784798816466, 0.9588476212207168, 0.8988784798816466, 1.0, 0.9374570682433117, 0.9588476212207168, 0.9374570682433117, 1.0]\n",
      "[1.0, 0.9369251403524949, 0.9743537092139709, 0.9369251403524949, 1.0, 0.9615862612236882, 0.9743537092139709, 0.9615862612236882, 1.0]\n",
      "[1.0, 0.9378067993790793, 0.982182795478504, 0.9378067993790793, 1.0, 0.9548190048698568, 0.982182795478504, 0.9548190048698568, 1.0]\n",
      "[1.0, 0.8793986048262399, 0.8669103936635494, 0.8793986048262399, 1.0, 0.9857991460366734, 0.8669103936635494, 0.9857991460366734, 1.0]\n",
      "[1.0, 0.860923315181489, 0.9155060176872946, 0.860923315181489, 1.0, 0.9403797446971571, 0.9155060176872946, 0.9403797446971571, 1.0]\n",
      "[1.0, 0.9231551021638299, 0.9401068542649288, 0.9231551021638299, 1.0, 0.9819682709213375, 0.9401068542649288, 0.9819682709213375, 1.0]\n",
      "[1.0, 0.9321249247149677, 0.9577790216525033, 0.9321249247149677, 1.0, 0.9732150147815168, 0.9577790216525033, 0.9732150147815168, 1.0]\n",
      "[1.0, 0.9126614059446169, 0.9133626490336461, 0.9126614059446169, 1.0, 0.9992322402391086, 0.9133626490336461, 0.9992322402391086, 1.0]\n",
      "[1.0, 0.9145821244203145, 0.9566012423661185, 0.9145821244203145, 1.0, 0.8748903964663168, 0.9566012423661185, 0.8748903964663168, 1.0]\n",
      "[1.0, 0.8739067999665481, 0.8892222894341325, 0.8739067999665481, 1.0, 0.9827765344508733, 0.8892222894341325, 0.9827765344508733, 1.0]\n",
      "[1.0, 0.8638447992086342, 0.8989839151698499, 0.8638447992086342, 1.0, 0.9609124085890051, 0.8989839151698499, 0.9609124085890051, 1.0]\n",
      "[1.0, 0.9174258067922901, 0.9507392236486861, 0.9174258067922901, 1.0, 0.964960510697615, 0.9507392236486861, 0.964960510697615, 1.0]\n",
      "[1.0, 0.8708489032619261, 0.9705502468563567, 0.8708489032619261, 1.0, 0.8972733828904104, 0.9705502468563567, 0.8972733828904104, 1.0]\n",
      "[1.0, 0.9399435589810956, 0.9951686448397271, 0.9399435589810956, 1.0, 0.9445068068161195, 0.9951686448397271, 0.9445068068161195, 1.0]\n",
      "[1.0, 0.9049373707774547, 0.9488993621452838, 0.9049373707774547, 1.0, 0.9536705438725986, 0.9488993621452838, 0.9536705438725986, 1.0]\n",
      "[1.0, 0.8792879752159826, 0.94717011399277, 0.8792879752159826, 1.0, 0.9283316293726455, 0.94717011399277, 0.9283316293726455, 1.0]\n",
      "[1.0, 0.8687266934988654, 0.9144999013573742, 0.8687266934988654, 1.0, 0.9499472796108906, 0.9144999013573742, 0.9499472796108906, 1.0]\n",
      "[1.0, 0.9319780059185842, 0.9579476749971444, 0.9319780059185842, 1.0, 0.9728903052260786, 0.9579476749971444, 0.9728903052260786, 1.0]\n",
      "[1.0, 0.8767910918260647, 0.9026604186786543, 0.8767910918260647, 1.0, 0.9713410200366844, 0.9026604186786543, 0.9713410200366844, 1.0]\n",
      "[1.0, 0.9021079160854174, 0.9596907075230229, 0.9021079160854174, 1.0, 0.9399985943531457, 0.9596907075230229, 0.9399985943531457, 1.0]\n",
      "[1.0, 0.8905429607396737, 0.9474159335325626, 0.8905429607396737, 1.0, 0.9399704282143211, 0.9474159335325626, 0.9399704282143211, 1.0]\n",
      "[1.0, 0.9410720298646573, 0.9582578779849508, 0.9410720298646573, 1.0, 0.9820655290030778, 0.9582578779849508, 0.9820655290030778, 1.0]\n",
      "[1.0, 0.9348544498331477, 0.9689225899546351, 0.9348544498331477, 1.0, 0.9648391517808638, 0.9689225899546351, 0.9648391517808638, 1.0]\n",
      "[1.0, 0.9228310369986885, 0.9833912481364863, 0.9228310369986885, 1.0, 0.9075039652932283, 0.9833912481364863, 0.9075039652932283, 1.0]\n",
      "[1.0, 0.9167105581803939, 0.9661473656623477, 0.9167105581803939, 1.0, 0.8856774908608479, 0.9661473656623477, 0.8856774908608479, 1.0]\n",
      "[1.0, 0.8775455696239393, 0.9926464327783946, 0.8775455696239393, 1.0, 0.8710924792876875, 0.9926464327783946, 0.8710924792876875, 1.0]\n",
      "[1.0, 0.9494061480541045, 0.8925516274640992, 0.9494061480541045, 1.0, 0.9401157021085931, 0.8925516274640992, 0.9401157021085931, 1.0]\n",
      "[1.0, 0.9290928130541531, 0.9902632998784311, 0.9290928130541531, 1.0, 0.92004651494834, 0.9902632998784311, 0.92004651494834, 1.0]\n",
      "[1.0, 0.8725910083427826, 0.8721872651940492, 0.8725910083427826, 1.0, 0.9995373053986654, 0.8721872651940492, 0.9995373053986654, 1.0]\n",
      "[1.0, 0.9299074124008789, 0.929678627751163, 0.9299074124008789, 1.0, 0.9997539705064559, 0.929678627751163, 0.9997539705064559, 1.0]\n",
      "[1.0, 0.9677942675005122, 0.9872012313534864, 0.9677942675005122, 1.0, 0.955407692573351, 0.9872012313534864, 0.955407692573351, 1.0]\n",
      "[1.0, 0.886298297262504, 0.9036012417826595, 0.886298297262504, 1.0, 0.9808511279975449, 0.9036012417826595, 0.9808511279975449, 1.0]\n",
      "[1.0, 0.932625855402011, 0.9489873997103658, 0.932625855402011, 1.0, 0.982758944625241, 0.9489873997103658, 0.982758944625241, 1.0]\n",
      "[1.0, 0.88690881571456, 0.8983570695142454, 0.88690881571456, 1.0, 0.9872564549351456, 0.8983570695142454, 0.9872564549351456, 1.0]\n",
      "[1.0, 0.8832638542359669, 0.9907086521617209, 0.8832638542359669, 1.0, 0.8750571425332815, 0.9907086521617209, 0.8750571425332815, 1.0]\n",
      "[1.0, 0.87685006418119, 0.913616443968163, 0.87685006418119, 1.0, 0.9597573138818699, 0.913616443968163, 0.9597573138818699, 1.0]\n",
      "[1.0, 0.9201287318134732, 0.9289558836312544, 0.9201287318134732, 1.0, 0.9904977706979193, 0.9289558836312544, 0.9904977706979193, 1.0]\n",
      "[1.0, 0.9072459627900586, 0.9011472615054428, 0.9072459627900586, 1.0, 0.9932777862511942, 0.9011472615054428, 0.9932777862511942, 1.0]\n",
      "[1.0, 0.8856227853597852, 0.9907142745217562, 0.8856227853597852, 1.0, 0.8939235137066119, 0.9907142745217562, 0.8939235137066119, 1.0]\n",
      "[1.0, 0.9012242584878116, 0.9204099325120053, 0.9012242584878116, 1.0, 0.9791552944546874, 0.9204099325120053, 0.9791552944546874, 1.0]\n",
      "[1.0, 0.8915409049490833, 0.9390229451812375, 0.8915409049490833, 1.0, 0.9494346325871836, 0.9390229451812375, 0.9494346325871836, 1.0]\n",
      "[1.0, 0.927845894997458, 0.9321748383367687, 0.927845894997458, 1.0, 0.9953560821840732, 0.9321748383367687, 0.9953560821840732, 1.0]\n",
      "[1.0, 0.8956479199014455, 0.9642694832657225, 0.8956479199014455, 1.0, 0.928835699402335, 0.9642694832657225, 0.928835699402335, 1.0]\n",
      "[1.0, 0.9181948011063041, 0.9928196539913348, 0.9181948011063041, 1.0, 0.9248354395634457, 0.9928196539913348, 0.9248354395634457, 1.0]\n",
      "[1.0, 0.8578680079863459, 0.884037297575004, 0.8578680079863459, 1.0, 0.9703979801978458, 0.884037297575004, 0.9703979801978458, 1.0]\n",
      "[1.0, 0.9015115213897379, 0.9151891806278929, 0.9015115213897379, 1.0, 0.9850548285232447, 0.9151891806278929, 0.9850548285232447, 1.0]\n",
      "[1.0, 0.9247175207642387, 0.9964085716071154, 0.9247175207642387, 1.0, 0.9280505478518258, 0.9964085716071154, 0.9280505478518258, 1.0]\n",
      "[1.0, 0.9271994307234888, 0.9989681201359408, 0.9271994307234888, 1.0, 0.9281571774255563, 0.9989681201359408, 0.9281571774255563, 1.0]\n",
      "[1.0, 0.9217940879099297, 0.9711474585085293, 0.9217940879099297, 1.0, 0.9491803534404594, 0.9711474585085293, 0.9491803534404594, 1.0]\n",
      "[1.0, 0.8691642630079401, 0.8971432480407482, 0.8691642630079401, 1.0, 0.9688132468321968, 0.8971432480407482, 0.9688132468321968, 1.0]\n",
      "[1.0, 0.8994765715496447, 0.9193390844372163, 0.8994765715496447, 1.0, 0.9783947911887911, 0.9193390844372163, 0.9783947911887911, 1.0]\n",
      "[1.0, 0.8818816755231309, 0.9722163158458023, 0.8818816755231309, 1.0, 0.90708380547586, 0.9722163158458023, 0.90708380547586, 1.0]\n",
      "[1.0, 0.9012413460388342, 0.93864808921328, 0.9012413460388342, 1.0, 0.9601482775021702, 0.93864808921328, 0.9601482775021702, 1.0]\n",
      "[1.0, 0.9319166950357807, 0.9988910832918129, 0.9319166950357807, 1.0, 0.9329512602762252, 0.9988910832918129, 0.9329512602762252, 1.0]\n",
      "[1.0, 0.8964352755705958, 0.9752229006773746, 0.8964352755705958, 1.0, 0.9192106491223144, 0.9752229006773746, 0.9192106491223144, 1.0]\n",
      "[1.0, 0.8602771256658861, 0.8970373129437749, 0.8602771256658861, 1.0, 0.959020447926236, 0.8970373129437749, 0.959020447926236, 1.0]\n",
      "[1.0, 0.8621998509931, 0.8653751805964086, 0.8621998509931, 1.0, 0.9963306902318134, 0.8653751805964086, 0.9963306902318134, 1.0]\n",
      "[1.0, 0.8878043128809004, 0.9439471625225688, 0.8878043128809004, 1.0, 0.9405233133053398, 0.9439471625225688, 0.9405233133053398, 1.0]\n",
      "[1.0, 0.8630401030168, 0.876250698092474, 0.8630401030168, 1.0, 0.9849237266179276, 0.876250698092474, 0.9849237266179276, 1.0]\n",
      "[1.0, 0.9019782668088272, 0.9184941811442955, 0.9019782668088272, 1.0, 0.982018487787378, 0.9184941811442955, 0.982018487787378, 1.0]\n",
      "[1.0, 0.8821668693387333, 0.9140771397345248, 0.8821668693387333, 1.0, 0.9650901778321913, 0.9140771397345248, 0.9650901778321913, 1.0]\n",
      "[1.0, 0.8901592988189359, 0.9167775740012047, 0.8901592988189359, 1.0, 0.9709653945110204, 0.9167775740012047, 0.9709653945110204, 1.0]\n",
      "[1.0, 0.8782046105938578, 0.9611352296780203, 0.8782046105938578, 1.0, 0.9137159719845622, 0.9611352296780203, 0.9137159719845622, 1.0]\n",
      "[1.0, 0.8642003149769129, 0.9857598315055491, 0.8642003149769129, 1.0, 0.8766844492507078, 0.9857598315055491, 0.8766844492507078, 1.0]\n",
      "[1.0, 0.8851130001744792, 0.9726585929482648, 0.8851130001744792, 1.0, 0.909993502953156, 0.9726585929482648, 0.909993502953156, 1.0]\n",
      "[1.0, 0.8898186078365541, 0.8982243541985194, 0.8898186078365541, 1.0, 0.9906418186918727, 0.8982243541985194, 0.9906418186918727, 1.0]\n",
      "[1.0, 0.8753425357858652, 0.87982453022876, 0.8753425357858652, 1.0, 0.9949058087278728, 0.87982453022876, 0.9949058087278728, 1.0]\n",
      "[1.0, 0.9123385588496903, 0.9254797550242204, 0.9123385588496903, 1.0, 0.9858006659754689, 0.9254797550242204, 0.9858006659754689, 1.0]\n",
      "[1.0, 0.8992213785423592, 0.9946295843318573, 0.8992213785423592, 1.0, 0.8943921859619064, 0.9946295843318573, 0.8943921859619064, 1.0]\n",
      "[1.0, 0.8620581656553606, 0.9073562302516256, 0.8620581656553606, 1.0, 0.950076868283912, 0.9073562302516256, 0.950076868283912, 1.0]\n",
      "[1.0, 0.8848612034978021, 0.8677859125951526, 0.8848612034978021, 1.0, 0.9807028595726066, 0.8677859125951526, 0.9807028595726066, 1.0]\n",
      "[1.0, 0.8864141474608996, 0.916484347511892, 0.8864141474608996, 1.0, 0.9671896196234795, 0.916484347511892, 0.9671896196234795, 1.0]\n",
      "[1.0, 0.8772843762057281, 0.9017579159112795, 0.8772843762057281, 1.0, 0.9728601886673548, 0.9017579159112795, 0.9728601886673548, 1.0]\n",
      "[1.0, 0.8608622076721925, 0.9114344897373652, 0.8608622076721925, 1.0, 0.9445135304461153, 0.9114344897373652, 0.9445135304461153, 1.0]\n",
      "[1.0, 0.9536430961160074, 0.9996792557088792, 0.9536430961160074, 1.0, 0.9539490698341767, 0.9996792557088792, 0.9539490698341767, 1.0]\n",
      "[1.0, 0.9564861990958646, 0.9649795252768398, 0.9564861990958646, 1.0, 0.9911984389735745, 0.9649795252768398, 0.9911984389735745, 1.0]\n",
      "[1.0, 0.9454765241645118, 0.9525988325268709, 0.9454765241645118, 1.0, 0.9925232866982772, 0.9525988325268709, 0.9925232866982772, 1.0]\n",
      "[1.0, 0.88182691643397, 0.9729730018953641, 0.88182691643397, 1.0, 0.9063220816159953, 0.9729730018953641, 0.9063220816159953, 1.0]\n",
      "[1.0, 0.9400408311785768, 0.8920031178334856, 0.9400408311785768, 1.0, 0.8385193523020719, 0.8920031178334856, 0.8385193523020719, 1.0]\n",
      "[1.0, 0.8667837013575146, 0.974753302681092, 0.8667837013575146, 1.0, 0.8892339210068811, 0.974753302681092, 0.8892339210068811, 1.0]\n",
      "[1.0, 0.8771951241835488, 0.8926549885667144, 0.8771951241835488, 1.0, 0.9826810306544205, 0.8926549885667144, 0.9826810306544205, 1.0]\n",
      "[1.0, 0.8992446859380695, 0.9409620026269432, 0.8992446859380695, 1.0, 0.9556652483602858, 0.9409620026269432, 0.9556652483602858, 1.0]\n",
      "[1.0, 0.890131608598587, 0.9332289164619729, 0.890131608598587, 1.0, 0.9538191465104029, 0.9332289164619729, 0.9538191465104029, 1.0]\n",
      "[1.0, 0.9342140117412231, 0.9604968203633845, 0.9342140117412231, 1.0, 0.972636235680387, 0.9604968203633845, 0.972636235680387, 1.0]\n",
      "[1.0, 0.9627816388219795, 0.9213804361186523, 0.9627816388219795, 1.0, 0.8870881662648262, 0.9213804361186523, 0.8870881662648262, 1.0]\n",
      "[1.0, 0.8476237347697969, 0.8876026111810855, 0.8476237347697969, 1.0, 0.9549585863001341, 0.8876026111810855, 0.9549585863001341, 1.0]\n",
