{
 "cells": [
  {
   "cell_type": "code",
   "execution_count": 2,
   "id": "1f075ada-6f7d-4d8c-8117-0867f6e2fc3c",
   "metadata": {},
   "outputs": [
    {
     "name": "stderr",
     "output_type": "stream",
     "text": [
      "C:\\Users\\STUDENT018\\AppData\\Local\\Temp\\ipykernel_11900\\1341474074.py:192: FutureWarning: Setting an item of incompatible dtype is deprecated and will raise in a future error of pandas. Value '0.1' has dtype incompatible with int64, please explicitly cast to a compatible dtype first.\n",
      "  df_Anchor.loc[i] = list\n"
     ]
    },
    {
     "name": "stdout",
     "output_type": "stream",
     "text": [
      "       accelerations  fetal_movement  uterine_contractions  \\\n",
      "0                0.1             0.1                   2.0   \n",
      "1                0.1             0.1                   2.0   \n",
      "2                0.1             0.1                   2.0   \n",
      "3                0.1             0.1                   2.0   \n",
      "4                1.0             0.1                   2.0   \n",
      "...              ...             ...                   ...   \n",
      "42515            3.0             0.1                   0.1   \n",
      "42516            4.0             0.1                   1.0   \n",
      "42517            3.0             0.1                   1.0   \n",
      "42518            4.0             0.1                   0.1   \n",
      "42519            4.0             0.1                   2.0   \n",
      "\n",
      "       light_decelerations  severe_decelerations  prolongued_decelerations  \\\n",
      "0                      0.1                   0.1                       0.1   \n",
      "1                      0.1                   0.1                       0.1   \n",
      "2                      0.1                   0.1                       0.1   \n",
      "3                      0.1                   0.1                       0.1   \n",
      "4                      0.1                   0.1                       0.1   \n",
      "...                    ...                   ...                       ...   \n",
      "42515                  0.1                   0.1                       0.1   \n",
      "42516                  0.1                   0.1                       0.1   \n",
      "42517                  0.1                   0.1                       0.1   \n",
      "42518                  0.1                   0.1                       0.1   \n",
      "42519                  0.1                   0.1                       0.1   \n",
      "\n",
      "       abnormal_short_term_variability  mean_value_of_short_term_variability  \\\n",
      "0                                  4.0                                   0.1   \n",
      "1                                  4.0                                   0.1   \n",
      "2                                  4.0                                   0.1   \n",
      "3                                  4.0                                   0.1   \n",
      "4                                  4.0                                   0.1   \n",
      "...                                ...                                   ...   \n",
      "42515                              0.1                                   0.1   \n",
      "42516                              0.1                                   0.1   \n",
      "42517                              0.1                                   0.1   \n",
      "42518                              0.1                                   0.1   \n",
      "42519                              0.1                                   0.1   \n",
      "\n",
      "       percentage_of_time_with_abnormal_long_term_variability  \\\n",
      "0                                                    3.0        \n",
      "1                                                    3.0        \n",
      "2                                                    3.0        \n",
      "3                                                    3.0        \n",
      "4                                                    3.0        \n",
      "...                                                  ...        \n",
      "42515                                                0.1        \n",
      "42516                                                0.1        \n",
      "42517                                                0.1        \n",
      "42518                                                0.1        \n",
      "42519                                                0.1        \n",
      "\n",
      "       mean_value_of_long_term_variability  histogram_width  histogram_min  \\\n",
      "0                                      0.1              0.1            0.1   \n",
      "1                                      0.1              0.1            0.1   \n",
      "2                                      0.1              0.1            0.1   \n",
      "3                                      0.1              0.1            0.1   \n",
      "4                                      0.1              0.1            0.1   \n",
      "...                                    ...              ...            ...   \n",
      "42515                                  0.1              1.0            2.0   \n",
      "42516                                  0.1              0.1            3.0   \n",
      "42517                                  0.1              0.1            0.1   \n",
      "42518                                  2.0              0.1            3.0   \n",
      "42519                                  1.0              0.1            3.0   \n",
      "\n",
      "       histogram_max  histogram_number_of_peaks  histogram_number_of_zeroes  \\\n",
      "0                0.1                        0.1                         0.1   \n",
      "1                0.1                        0.1                         0.1   \n",
      "2                0.1                        0.1                         0.1   \n",
      "3                0.1                        0.1                         0.1   \n",
      "4                0.1                        0.1                         0.1   \n",
      "...              ...                        ...                         ...   \n",
      "42515            0.1                        0.1                         0.1   \n",
      "42516            0.1                        2.0                         0.1   \n",
      "42517            0.1                        0.1                         0.1   \n",
      "42518            0.1                        0.1                         0.1   \n",
      "42519            0.1                        0.1                         0.1   \n",
      "\n",
      "       histogram_mode  histogram_mean  histogram_median  histogram_variance  \\\n",
      "0                 0.1             0.1               1.0                 0.1   \n",
      "1                 0.1             0.1               1.0                 0.1   \n",
      "2                 1.0             0.1               0.1                 0.1   \n",
      "3                 0.1             0.1               1.0                 0.1   \n",
      "4                 0.1             0.1               0.1                 0.1   \n",
      "...               ...             ...               ...                 ...   \n",
      "42515             0.1             0.1               0.1                 0.1   \n",
      "42516             0.1             0.1               0.1                 0.1   \n",
      "42517             0.1             2.0               0.1                 0.1   \n",
      "42518             0.1             1.0               0.1                 0.1   \n",
      "42519             0.1             0.1               0.1                 0.1   \n",
      "\n",
      "       histogram_tendency  \n",
      "0                     0.1  \n",
      "1                     0.1  \n",
      "2                     0.1  \n",
      "3                     0.1  \n",
      "4                     0.1  \n",
      "...                   ...  \n",
      "42515                 0.1  \n",
      "42516                 0.1  \n",
      "42517                 0.1  \n",
      "42518                 0.1  \n",
      "42519                 0.1  \n",
      "\n",
      "[42520 rows x 20 columns]\n",
      "[1.0, 0.9483788842835401, 0.9749417539007423, 0.9483788842835401, 1.0, 0.9727544035211088, 0.9749417539007423, 0.9727544035211088, 1.0]\n",
      "[1.0, 0.9625905525084996, 0.978154372731923, 0.9625905525084996, 1.0, 0.9840885849337312, 0.978154372731923, 0.9840885849337312, 1.0]\n",
      "[1.0, 0.9978990513688194, 0.9715267276566514, 0.9978990513688194, 1.0, 0.9694855999080257, 0.9715267276566514, 0.9694855999080257, 1.0]\n",
      "[1.0, 0.9981845348425696, 0.9829823637933718, 0.9981845348425696, 1.0, 0.9811977935615365, 0.9829823637933718, 0.9811977935615365, 1.0]\n",
      "[1.0, 0.8562011271870812, 0.8839266932903822, 0.8562011271870812, 1.0, 0.9686336363481755, 0.8839266932903822, 0.9686336363481755, 1.0]\n",
      "[1.0, 0.9569053380167739, 0.9461100719979921, 0.9569053380167739, 1.0, 0.9887185643240789, 0.9461100719979921, 0.9887185643240789, 1.0]\n",
      "[1.0, 0.9291086648884211, 0.8890995822361749, 0.9291086648884211, 1.0, 0.9569382095289672, 0.8890995822361749, 0.9569382095289672, 1.0]\n",
      "[1.0, 0.9540979356047491, 0.9620876296566248, 0.9540979356047491, 1.0, 0.9916954611975135, 0.9620876296566248, 0.9916954611975135, 1.0]\n",
      "[1.0, 0.9875186175173268, 0.9703034595754119, 0.9875186175173268, 1.0, 0.9825672573290873, 0.9703034595754119, 0.9825672573290873, 1.0]\n",
      "[1.0, 0.9485227620342502, 0.9754936942418917, 0.9485227620342502, 1.0, 0.9723515053281795, 0.9754936942418917, 0.9723515053281795, 1.0]\n",
      "[1.0, 0.9460785180379834, 0.9228844824220132, 0.9460785180379834, 1.0, 0.9754840267760535, 0.9228844824220132, 0.9754840267760535, 1.0]\n",
      "[1.0, 0.998915350322665, 0.9512306143398285, 0.998915350322665, 1.0, 0.9522634866233324, 0.9512306143398285, 0.9522634866233324, 1.0]\n",
      "[1.0, 0.9317017079106473, 0.9754874789224153, 0.9317017079106473, 1.0, 0.9551139589611787, 0.9754874789224153, 0.9551139589611787, 1.0]\n",
      "[1.0, 0.8418375810087363, 0.8735044133586862, 0.8418375810087363, 1.0, 0.9637473699438006, 0.8735044133586862, 0.9637473699438006, 1.0]\n",
      "[1.0, 0.7374422529513074, 0.7538063629709156, 0.7374422529513074, 1.0, 0.9782913612520943, 0.7538063629709156, 0.9782913612520943, 1.0]\n",
      "[1.0, 0.9142037284546869, 0.973762870301448, 0.9142037284546869, 1.0, 0.9388360927868163, 0.973762870301448, 0.9388360927868163, 1.0]\n",
      "[1.0, 0.894905215113498, 0.9472584278867677, 0.894905215113498, 1.0, 0.9447318585593752, 0.9472584278867677, 0.9447318585593752, 1.0]\n",
      "[1.0, 0.9615645557581034, 0.9342073505681954, 0.9615645557581034, 1.0, 0.9715492786978411, 0.9342073505681954, 0.9715492786978411, 1.0]\n",
      "[1.0, 0.954763840762293, 0.9007141067884521, 0.954763840762293, 1.0, 0.9433894208533421, 0.9007141067884521, 0.9433894208533421, 1.0]\n",
      "[1.0, 0.9385635293329193, 0.9865686727837727, 0.9385635293329193, 1.0, 0.9513413057041447, 0.9865686727837727, 0.9513413057041447, 1.0]\n",
      "[1.0, 0.9962543709861559, 0.925944229655651, 0.9962543709861559, 1.0, 0.9294255128226867, 0.925944229655651, 0.9294255128226867, 1.0]\n",
      "[1.0, 0.9642355832544556, 0.9614292187275609, 0.9642355832544556, 1.0, 0.9270442634776453, 0.9614292187275609, 0.9270442634776453, 1.0]\n",
      "[1.0, 0.9497951334822743, 0.9647933253766396, 0.9497951334822743, 1.0, 0.9844545028454562, 0.9647933253766396, 0.9844545028454562, 1.0]\n",
      "[1.0, 0.9214456587028459, 0.9303513858779283, 0.9214456587028459, 1.0, 0.9904275660677622, 0.9303513858779283, 0.9904275660677622, 1.0]\n",
      "[1.0, 0.9332399725056169, 0.9798937309256213, 0.9332399725056169, 1.0, 0.9523889612234435, 0.9798937309256213, 0.9523889612234435, 1.0]\n",
      "[1.0, 0.9255431510003135, 0.9522574907413184, 0.9255431510003135, 1.0, 0.9719463065392028, 0.9522574907413184, 0.9719463065392028, 1.0]\n",
      "[1.0, 0.9368095995286794, 0.9415825728709991, 0.9368095995286794, 1.0, 0.9949309030563657, 0.9415825728709991, 0.9949309030563657, 1.0]\n",
      "[1.0, 0.9312870487194191, 0.9617419058116868, 0.9312870487194191, 1.0, 0.9683336486553901, 0.9617419058116868, 0.9683336486553901, 1.0]\n",
      "[1.0, 0.8640946185481511, 0.9180447859232029, 0.8640946185481511, 1.0, 0.9412336214939682, 0.9180447859232029, 0.9412336214939682, 1.0]\n",
      "[1.0, 0.8178285135038328, 0.8673135270205682, 0.8178285135038328, 1.0, 0.942944492418182, 0.8673135270205682, 0.942944492418182, 1.0]\n",
      "[1.0, 0.8238526426323691, 0.8814574248327739, 0.8238526426323691, 1.0, 0.934648253474825, 0.8814574248327739, 0.934648253474825, 1.0]\n",
      "[1.0, 0.7606105850398358, 0.781066234480234, 0.7606105850398358, 1.0, 0.9738106084511379, 0.781066234480234, 0.9738106084511379, 1.0]\n",
      "[1.0, 0.8681171205291435, 0.8758734005030296, 0.8681171205291435, 1.0, 0.9911445193227337, 0.8758734005030296, 0.9911445193227337, 1.0]\n",
      "[1.0, 0.8589724396951882, 0.8746189395942212, 0.8589724396951882, 1.0, 0.9821104949930627, 0.8746189395942212, 0.9821104949930627, 1.0]\n",
      "[1.0, 0.8329439972177008, 0.8600217283025398, 0.8329439972177008, 1.0, 0.9685150616621242, 0.8600217283025398, 0.9685150616621242, 1.0]\n",
      "[1.0, 0.9324199837054356, 0.9657039705287161, 0.9324199837054356, 1.0, 0.9655339650254747, 0.9657039705287161, 0.9655339650254747, 1.0]\n",
      "[1.0, 0.9428836106526983, 0.9816562325789334, 0.9428836106526983, 1.0, 0.9605028515691543, 0.9816562325789334, 0.9605028515691543, 1.0]\n",
      "[1.0, 0.8760415021233026, 0.8932928960464885, 0.8760415021233026, 1.0, 0.9806878639698842, 0.8932928960464885, 0.9806878639698842, 1.0]\n",
      "[1.0, 0.9082058940297983, 0.9269980674419546, 0.9082058940297983, 1.0, 0.9797279260095838, 0.9269980674419546, 0.9797279260095838, 1.0]\n",
      "[1.0, 0.9709223237925162, 0.9938055496083631, 0.9709223237925162, 1.0, 0.9649079936236507, 0.9938055496083631, 0.9649079936236507, 1.0]\n",
      "[1.0, 0.9846833938059343, 0.995138542562006, 0.9846833938059343, 1.0, 0.9798963973970473, 0.995138542562006, 0.9798963973970473, 1.0]\n",
      "[1.0, 0.910597416664217, 0.9349252173704172, 0.910597416664217, 1.0, 0.973978880605419, 0.9349252173704172, 0.973978880605419, 1.0]\n",
      "[1.0, 0.9574638849153814, 0.9553018115950083, 0.9574638849153814, 1.0, 0.9977418748065217, 0.9553018115950083, 0.9977418748065217, 1.0]\n",
      "[1.0, 0.9858933924900508, 0.9753911804635371, 0.9858933924900508, 1.0, 0.989347517585052, 0.9753911804635371, 0.989347517585052, 1.0]\n",
      "[1.0, 0.830934977834397, 0.7961197828126061, 0.830934977834397, 1.0, 0.9581011800555957, 0.7961197828126061, 0.9581011800555957, 1.0]\n",
      "[1.0, 0.8378353914065478, 0.8202261656148387, 0.8378353914065478, 1.0, 0.9789824755884962, 0.8202261656148387, 0.9789824755884962, 1.0]\n",
      "[1.0, 0.7893322435357688, 0.8135594837505632, 0.7893322435357688, 1.0, 0.9702206898220826, 0.8135594837505632, 0.9702206898220826, 1.0]\n",
      "[1.0, 0.982433734504652, 0.9824797324291271, 0.982433734504652, 1.0, 0.9999531818082787, 0.9824797324291271, 0.9999531818082787, 1.0]\n",
      "[1.0, 0.9903256635308251, 0.9540371193951571, 0.9903256635308251, 1.0, 0.963356958754065, 0.9540371193951571, 0.963356958754065, 1.0]\n",
      "[1.0, 0.973183653950771, 0.9815920147678263, 0.973183653950771, 1.0, 0.9552693036206523, 0.9815920147678263, 0.9552693036206523, 1.0]\n",
      "[1.0, 0.9077799475032307, 0.9225749887023299, 0.9077799475032307, 1.0, 0.9839633185591671, 0.9225749887023299, 0.9839633185591671, 1.0]\n",
      "[1.0, 0.8057014898539083, 0.8160130242222212, 0.8057014898539083, 1.0, 0.987363517416721, 0.8160130242222212, 0.987363517416721, 1.0]\n",
      "[1.0, 0.8381912748942911, 0.8262729601186979, 0.8381912748942911, 1.0, 0.9857809128625249, 0.8262729601186979, 0.9857809128625249, 1.0]\n",
      "[1.0, 0.8205477076774731, 0.8565419570608837, 0.8205477076774731, 1.0, 0.9579772489990795, 0.8565419570608837, 0.9579772489990795, 1.0]\n",
      "[1.0, 0.9798305472107033, 0.9965334528419374, 0.9798305472107033, 1.0, 0.9764339184118871, 0.9965334528419374, 0.9764339184118871, 1.0]\n",
      "[1.0, 0.8396507497031326, 0.8961132523929504, 0.8396507497031326, 1.0, 0.936991778060371, 0.8961132523929504, 0.936991778060371, 1.0]\n",
      "[1.0, 0.8000873490959196, 0.821899878308386, 0.8000873490959196, 1.0, 0.9734608438471114, 0.821899878308386, 0.9734608438471114, 1.0]\n",
      "[1.0, 0.8601647700033401, 0.8870588569401435, 0.8601647700033401, 1.0, 0.9696817333749725, 0.8870588569401435, 0.9696817333749725, 1.0]\n",
      "[1.0, 0.8489004005177254, 0.8927806089692918, 0.8489004005177254, 1.0, 0.9508499534928008, 0.8927806089692918, 0.9508499534928008, 1.0]\n",
      "[1.0, 0.9858507801330446, 0.9839047389450262, 0.9858507801330446, 1.0, 0.9980260286574447, 0.9839047389450262, 0.9980260286574447, 1.0]\n",
      "[1.0, 0.933740897164429, 0.935046218483693, 0.933740897164429, 1.0, 0.9986040034241508, 0.935046218483693, 0.9986040034241508, 1.0]\n",
      "[1.0, 0.94682016843524, 0.9147179626611316, 0.94682016843524, 1.0, 0.9660947169860545, 0.9147179626611316, 0.9660947169860545, 1.0]\n",
      "[1.0, 0.8752856716926962, 0.8392146204342981, 0.8752856716926962, 1.0, 0.9587893959367104, 0.8392146204342981, 0.9587893959367104, 1.0]\n",
      "[1.0, 0.9837567765591994, 0.9994794530175946, 0.9837567765591994, 1.0, 0.9842691348872397, 0.9994794530175946, 0.9842691348872397, 1.0]\n",
      "[1.0, 0.8793452640970751, 0.8628339818322442, 0.8793452640970751, 1.0, 0.9812232089726611, 0.8628339818322442, 0.9812232089726611, 1.0]\n",
      "[1.0, 0.8448094643793326, 0.8460684053846861, 0.8448094643793326, 1.0, 0.9985120103796087, 0.8460684053846861, 0.9985120103796087, 1.0]\n",
      "[1.0, 0.8877373833757939, 0.8642133991954744, 0.8877373833757939, 1.0, 0.9735011900807139, 0.8642133991954744, 0.9735011900807139, 1.0]\n",
      "[1.0, 0.9998735257593634, 0.9770259330665382, 0.9998735257593634, 1.0, 0.9769023644535714, 0.9770259330665382, 0.9769023644535714, 1.0]\n",
      "[1.0, 0.9949930692112468, 0.9722961353957474, 0.9949930692112468, 1.0, 0.9674279159396487, 0.9722961353957474, 0.9674279159396487, 1.0]\n",
      "[1.0, 0.92951689611437, 0.908110420226905, 0.92951689611437, 1.0, 0.9769703208441398, 0.908110420226905, 0.9769703208441398, 1.0]\n",
      "[1.0, 0.974858475253654, 0.9648402091066266, 0.974858475253654, 1.0, 0.9897233635431844, 0.9648402091066266, 0.9897233635431844, 1.0]\n",
      "[1.0, 0.9960777319207258, 0.9963302716526453, 0.9960777319207258, 1.0, 0.9997465301024121, 0.9963302716526453, 0.9997465301024121, 1.0]\n",
      "[1.0, 0.9083477878568496, 0.8915394085871234, 0.9083477878568496, 1.0, 0.9814956567358591, 0.8915394085871234, 0.9814956567358591, 1.0]\n",
      "[1.0, 0.9382941757178584, 0.9351811066667677, 0.9382941757178584, 1.0, 0.9966822035864081, 0.9351811066667677, 0.9966822035864081, 1.0]\n",
      "[1.0, 0.8647715384639325, 0.8540886019504946, 0.8647715384639325, 1.0, 0.9876465216091481, 0.8540886019504946, 0.9876465216091481, 1.0]\n",
      "[1.0, 0.9341331197414606, 0.9691499897203487, 0.9341331197414606, 1.0, 0.9638684720112392, 0.9691499897203487, 0.9638684720112392, 1.0]\n",
      "[1.0, 0.963064726854964, 0.944484699889159, 0.963064726854964, 1.0, 0.9807073954141368, 0.944484699889159, 0.9807073954141368, 1.0]\n",
      "[1.0, 0.9809028072576127, 0.9908959700757057, 0.9809028072576127, 1.0, 0.9899150232518056, 0.9908959700757057, 0.9899150232518056, 1.0]\n",
      "[1.0, 0.9861434162030225, 0.9970974820366737, 0.9861434162030225, 1.0, 0.9890140472411219, 0.9970974820366737, 0.9890140472411219, 1.0]\n",
      "[1.0, 0.9731043117726211, 0.9701238779270438, 0.9731043117726211, 1.0, 0.9969371897652491, 0.9701238779270438, 0.9969371897652491, 1.0]\n",
      "[1.0, 0.8246132722043719, 0.8136564141432225, 0.8246132722043719, 1.0, 0.9867127313730237, 0.8136564141432225, 0.9867127313730237, 1.0]\n",
      "[1.0, 0.9990744569897618, 0.979525986376368, 0.9990744569897618, 1.0, 0.9786193929463307, 0.979525986376368, 0.9786193929463307, 1.0]\n",
      "[1.0, 0.8398911732927336, 0.871200141697321, 0.8398911732927336, 1.0, 0.9640622551511647, 0.871200141697321, 0.9640622551511647, 1.0]\n",
      "[1.0, 0.9559923778935503, 0.9352433333832043, 0.9559923778935503, 1.0, 0.9782958054999719, 0.9352433333832043, 0.9782958054999719, 1.0]\n",
      "[1.0, 0.9429431030254312, 0.9969022770438426, 0.9429431030254312, 1.0, 0.9458731560144301, 0.9969022770438426, 0.9458731560144301, 1.0]\n",
      "[1.0, 0.9088678551331086, 0.9713414843867024, 0.9088678551331086, 1.0, 0.9356831451577102, 0.9713414843867024, 0.9356831451577102, 1.0]\n",
      "[1.0, 0.9517175170329143, 0.9399660592030339, 0.9517175170329143, 1.0, 0.9876523678301973, 0.9399660592030339, 0.9876523678301973, 1.0]\n",
      "[1.0, 0.8254380022169957, 0.8416728958277097, 0.8254380022169957, 1.0, 0.9807111602486043, 0.8416728958277097, 0.9807111602486043, 1.0]\n",
      "[1.0, 0.9467859620118217, 0.9041236359120229, 0.9467859620118217, 1.0, 0.9549398408810944, 0.9041236359120229, 0.9549398408810944, 1.0]\n",
      "[1.0, 0.8951691299253367, 0.8808142724507065, 0.8951691299253367, 1.0, 0.9839640834399334, 0.8808142724507065, 0.9839640834399334, 1.0]\n",
      "[1.0, 0.9797645093655557, 0.9740765408666252, 0.9797645093655557, 1.0, 0.9941945554829154, 0.9740765408666252, 0.9941945554829154, 1.0]\n",
      "[1.0, 0.9548679339622325, 0.9595229788391662, 0.9548679339622325, 1.0, 0.9951485842657303, 0.9595229788391662, 0.9951485842657303, 1.0]\n",
      "[1.0, 0.9640482945627254, 0.9562017957733036, 0.9640482945627254, 1.0, 0.9918608861882994, 0.9562017957733036, 0.9918608861882994, 1.0]\n",
      "[1.0, 0.9689110310215867, 0.9758673235172444, 0.9689110310215867, 1.0, 0.9928716821149562, 0.9758673235172444, 0.9928716821149562, 1.0]\n",
      "[1.0, 0.9283058974921538, 0.9571757990472676, 0.9283058974921538, 1.0, 0.9698384543530565, 0.9571757990472676, 0.9698384543530565, 1.0]\n",
      "[1.0, 0.923581739971013, 0.9440961194576984, 0.923581739971013, 1.0, 0.9782708782888873, 0.9440961194576984, 0.9782708782888873, 1.0]\n",
      "[1.0, 0.9851585470698403, 0.9421208454806717, 0.9851585470698403, 1.0, 0.9563139337143489, 0.9421208454806717, 0.9563139337143489, 1.0]\n",
      "[1.0, 0.8488988092443086, 0.8649967681226869, 0.8488988092443086, 1.0, 0.98138957338151, 0.8649967681226869, 0.98138957338151, 1.0]\n",
      "[1.0, 0.7731028925004906, 0.7763249138553622, 0.7731028925004906, 1.0, 0.9958496483915859, 0.7763249138553622, 0.9958496483915859, 1.0]\n",
      "[1.0, 0.8580031177070561, 0.8871822395146459, 0.8580031177070561, 1.0, 0.9671103404599791, 0.8871822395146459, 0.9671103404599791, 1.0]\n",
      "[1.0, 0.8297795183563416, 0.8745017524737467, 0.8297795183563416, 1.0, 0.9488597547221637, 0.8745017524737467, 0.9488597547221637, 1.0]\n",
      "[1.0, 0.9071934595653288, 0.9592690862812442, 0.9071934595653288, 1.0, 0.9457132232648146, 0.9592690862812442, 0.9457132232648146, 1.0]\n",
      "[1.0, 0.9535724794021935, 0.9821329228903272, 0.9535724794021935, 1.0, 0.9709199815804128, 0.9821329228903272, 0.9709199815804128, 1.0]\n",
      "[1.0, 0.9519171104401307, 0.9452868711663915, 0.9519171104401307, 1.0, 0.9930348565006111, 0.9452868711663915, 0.9930348565006111, 1.0]\n",
      "[1.0, 0.9889814210771166, 0.9452924480805475, 0.9889814210771166, 1.0, 0.9558242732720027, 0.9452924480805475, 0.9558242732720027, 1.0]\n",
      "[1.0, 0.9967018278777376, 0.9750243572053043, 0.9967018278777376, 1.0, 0.9718085590518429, 0.9750243572053043, 0.9718085590518429, 1.0]\n",
      "[1.0, 0.825835553935389, 0.8753155973765283, 0.825835553935389, 1.0, 0.9434717676807776, 0.8753155973765283, 0.9434717676807776, 1.0]\n",
      "[1.0, 0.8975766003517786, 0.9311844666676059, 0.8975766003517786, 1.0, 0.9639084762269514, 0.9311844666676059, 0.9639084762269514, 1.0]\n",
      "[1.0, 0.889330063101201, 0.8798492419577244, 0.889330063101201, 1.0, 0.9893393673093477, 0.8798492419577244, 0.9893393673093477, 1.0]\n",
      "[1.0, 0.8976588141461703, 0.9360368683255241, 0.8976588141461703, 1.0, 0.9589994203454739, 0.9360368683255241, 0.9589994203454739, 1.0]\n",
      "[1.0, 0.9581538438644459, 0.9693650451911634, 0.9581538438644459, 1.0, 0.9884344897906788, 0.9693650451911634, 0.9884344897906788, 1.0]\n",
      "[1.0, 0.9817989751555783, 0.9986933651466322, 0.9817989751555783, 1.0, 0.9805161223956392, 0.9986933651466322, 0.9805161223956392, 1.0]\n",
      "[1.0, 0.9618743084733492, 0.9628461219839622, 0.9618743084733492, 1.0, 0.9989906865817659, 0.9628461219839622, 0.9989906865817659, 1.0]\n",
      "[1.0, 0.8500769921564133, 0.8531272334173041, 0.8500769921564133, 1.0, 0.9964246349882976, 0.8531272334173041, 0.9964246349882976, 1.0]\n",
      "[1.0, 0.9529974500992515, 0.96152062845227, 0.9529974500992515, 1.0, 0.9163267071328431, 0.96152062845227, 0.9163267071328431, 1.0]\n",
      "[1.0, 0.8565212931687607, 0.8661590191087437, 0.8565212931687607, 1.0, 0.9888730294006521, 0.8661590191087437, 0.9888730294006521, 1.0]\n",
      "[1.0, 0.9795300870010489, 0.9935181795730372, 0.9795300870010489, 1.0, 0.985920647593988, 0.9935181795730372, 0.985920647593988, 1.0]\n",
      "[1.0, 0.952766017711844, 0.9897606623003808, 0.952766017711844, 1.0, 0.9626226359587229, 0.9897606623003808, 0.9626226359587229, 1.0]\n",
      "[1.0, 0.9773606050360855, 0.9592520859579577, 0.9773606050360855, 1.0, 0.9814720186338398, 0.9592520859579577, 0.9814720186338398, 1.0]\n",
      "[1.0, 0.9919567620780666, 0.9899070484685213, 0.9919567620780666, 1.0, 0.9979336663775028, 0.9899070484685213, 0.9979336663775028, 1.0]\n",
      "[1.0, 0.8141472585538873, 0.7948640588479424, 0.8141472585538873, 1.0, 0.9763148502886366, 0.7948640588479424, 0.9763148502886366, 1.0]\n",
      "[1.0, 0.9609640935058389, 0.9540539594867634, 0.9609640935058389, 1.0, 0.9928091652271153, 0.9540539594867634, 0.9928091652271153, 1.0]\n",
      "[1.0, 0.8508925142374535, 0.8346086799384181, 0.8508925142374535, 1.0, 0.9808626424294865, 0.8346086799384181, 0.9808626424294865, 1.0]\n",
      "[1.0, 0.9759920370390179, 0.989469256998519, 0.9759920370390179, 1.0, 0.9657141157254681, 0.989469256998519, 0.9657141157254681, 1.0]\n",
      "[1.0, 0.8109171704473332, 0.8527028815804222, 0.8109171704473332, 1.0, 0.9509961652109793, 0.8527028815804222, 0.9509961652109793, 1.0]\n",
      "[1.0, 0.9821343396669586, 0.9995980559145241, 0.9821343396669586, 1.0, 0.9825292614924225, 0.9995980559145241, 0.9825292614924225, 1.0]\n",
      "[1.0, 0.9574863784307764, 0.9139698403875349, 0.9574863784307764, 1.0, 0.954551271930823, 0.9139698403875349, 0.954551271930823, 1.0]\n",
      "[1.0, 0.939777340339083, 0.9660135635407404, 0.939777340339083, 1.0, 0.9728407299940038, 0.9660135635407404, 0.9728407299940038, 1.0]\n",
      "[1.0, 0.9496682496144231, 0.9693030306161506, 0.9496682496144231, 1.0, 0.9797434028559197, 0.9693030306161506, 0.9797434028559197, 1.0]\n",
      "[1.0, 0.8615230761749905, 0.8775667605173718, 0.8615230761749905, 1.0, 0.9817179899419587, 0.8775667605173718, 0.9817179899419587, 1.0]\n",
      "[1.0, 0.9979226142820665, 0.9859840240694655, 0.9979226142820665, 1.0, 0.9880365571019853, 0.9859840240694655, 0.9880365571019853, 1.0]\n",
      "[1.0, 0.89809430869913, 0.894147934411698, 0.89809430869913, 1.0, 0.9956058353235218, 0.894147934411698, 0.9956058353235218, 1.0]\n",
      "[1.0, 0.9955690709301745, 0.9382824457375498, 0.9955690709301745, 1.0, 0.9424584121128824, 0.9382824457375498, 0.9424584121128824, 1.0]\n",
      "[1.0, 0.8958719510632324, 0.9156796998896529, 0.8958719510632324, 1.0, 0.9783682560301298, 0.9156796998896529, 0.9783682560301298, 1.0]\n",
      "[1.0, 0.9031849151288861, 0.9056084074406856, 0.9031849151288861, 1.0, 0.9973239070089372, 0.9056084074406856, 0.9973239070089372, 1.0]\n",
      "[1.0, 0.9617700425042772, 0.9926334932248676, 0.9617700425042772, 1.0, 0.968907506213274, 0.9926334932248676, 0.968907506213274, 1.0]\n",
      "[1.0, 0.8746133372088783, 0.8555126612200948, 0.8746133372088783, 1.0, 0.9781610053538188, 0.8555126612200948, 0.9781610053538188, 1.0]\n",
      "[1.0, 0.9490890632775862, 0.9339236578356069, 0.9490890632775862, 1.0, 0.9840210934581766, 0.9339236578356069, 0.9840210934581766, 1.0]\n",
      "[1.0, 0.885414058715719, 0.9037910278426645, 0.885414058715719, 1.0, 0.9796667940255934, 0.9037910278426645, 0.9796667940255934, 1.0]\n",
      "[1.0, 0.8425947725757735, 0.8203565994171752, 0.8425947725757735, 1.0, 0.973607511128253, 0.8203565994171752, 0.973607511128253, 1.0]\n",
      "[1.0, 0.9280652702464128, 0.9299746764353404, 0.9280652702464128, 1.0, 0.9979468191582953, 0.9299746764353404, 0.9979468191582953, 1.0]\n",
      "[1.0, 0.984062159768676, 0.9568120985111007, 0.984062159768676, 1.0, 0.9723085975951145, 0.9568120985111007, 0.9723085975951145, 1.0]\n",
      "[1.0, 0.9442627466261896, 0.9599186067518367, 0.9442627466261896, 1.0, 0.983690429568166, 0.9599186067518367, 0.983690429568166, 1.0]\n",
      "[1.0, 0.9405505053323763, 0.9528580555776518, 0.9405505053323763, 1.0, 0.9870835428496071, 0.9528580555776518, 0.9870835428496071, 1.0]\n",
      "[1.0, 0.9551779103499813, 0.9334023293551383, 0.9551779103499813, 1.0, 0.9772025915184069, 0.9334023293551383, 0.9772025915184069, 1.0]\n",
      "[1.0, 0.9196102355840516, 0.9148989173245636, 0.9196102355840516, 1.0, 0.9948768314257661, 0.9148989173245636, 0.9948768314257661, 1.0]\n",
      "[1.0, 0.9370098867785563, 0.9177370272651776, 0.9370098867785563, 1.0, 0.979431530248161, 0.9177370272651776, 0.979431530248161, 1.0]\n",
      "[1.0, 0.9170727323053602, 0.8739548755279456, 0.9170727323053602, 1.0, 0.9529831656110591, 0.8739548755279456, 0.9529831656110591, 1.0]\n",
      "[1.0, 0.951253024827144, 0.9821650217394424, 0.951253024827144, 1.0, 0.9685266770572297, 0.9821650217394424, 0.9685266770572297, 1.0]\n",
      "[1.0, 0.9836261423596476, 0.99633385147129, 0.9836261423596476, 1.0, 0.9800200228250352, 0.99633385147129, 0.9800200228250352, 1.0]\n",
      "[1.0, 0.9091359054140793, 0.8840487829554359, 0.9091359054140793, 1.0, 0.9724055311100961, 0.8840487829554359, 0.9724055311100961, 1.0]\n",
      "[1.0, 0.9216331039013486, 0.964350705166648, 0.9216331039013486, 1.0, 0.9557032508646142, 0.964350705166648, 0.9557032508646142, 1.0]\n",
      "[1.0, 0.9691118047356194, 0.9511169270381737, 0.9691118047356194, 1.0, 0.9814315772344195, 0.9511169270381737, 0.9814315772344195, 1.0]\n",
      "[1.0, 0.9590701268983165, 0.9388653154164343, 0.9590701268983165, 1.0, 0.9789329154196204, 0.9388653154164343, 0.9789329154196204, 1.0]\n",
      "[1.0, 0.9002406819146478, 0.9335974870262442, 0.9002406819146478, 1.0, 0.9642706781293438, 0.9335974870262442, 0.9642706781293438, 1.0]\n",
      "[1.0, 0.9463359725763185, 0.9553761295497734, 0.9463359725763185, 1.0, 0.9905375938399098, 0.9553761295497734, 0.9905375938399098, 1.0]\n",
      "[1.0, 0.9171731990659319, 0.9111533247307838, 0.9171731990659319, 1.0, 0.9934364912305781, 0.9111533247307838, 0.9934364912305781, 1.0]\n",
      "[1.0, 0.8471976416194558, 0.8435369491417594, 0.8471976416194558, 1.0, 0.9956790572850288, 0.8435369491417594, 0.9956790572850288, 1.0]\n",
      "[1.0, 0.986166271982354, 0.9910758738674338, 0.986166271982354, 1.0, 0.9773655997835008, 0.9910758738674338, 0.9773655997835008, 1.0]\n",
      "[1.0, 0.9649897149509677, 0.9991288914869345, 0.9649897149509677, 1.0, 0.9658310586083045, 0.9991288914869345, 0.9658310586083045, 1.0]\n",
      "[1.0, 0.9951154853428584, 0.9983391567032982, 0.9951154853428584, 1.0, 0.9967709657196209, 0.9983391567032982, 0.9967709657196209, 1.0]\n",
      "[1.0, 0.9866625541102051, 0.9723800450281317, 0.9866625541102051, 1.0, 0.9594109787932527, 0.9723800450281317, 0.9594109787932527, 1.0]\n",
      "[1.0, 0.9871673417728357, 0.9711063542040169, 0.9871673417728357, 1.0, 0.9586444782582892, 0.9711063542040169, 0.9586444782582892, 1.0]\n",
      "[1.0, 0.8391920023029114, 0.861410275068993, 0.8391920023029114, 1.0, 0.9742070957253185, 0.861410275068993, 0.9742070957253185, 1.0]\n",
      "[1.0, 0.8794784172056298, 0.8744164286303802, 0.8794784172056298, 1.0, 0.9942443288246537, 0.8744164286303802, 0.9942443288246537, 1.0]\n",
      "[1.0, 0.9146000852780702, 0.9503660476242627, 0.9146000852780702, 1.0, 0.962366119417249, 0.9503660476242627, 0.962366119417249, 1.0]\n",
      "[1.0, 0.838203036758137, 0.8518722997977862, 0.838203036758137, 1.0, 0.9839538589963613, 0.8518722997977862, 0.9839538589963613, 1.0]\n",
      "[1.0, 0.7926230419714746, 0.769911404980582, 0.7926230419714746, 1.0, 0.9713462317037838, 0.769911404980582, 0.9713462317037838, 1.0]\n",
      "[1.0, 0.8222622061667457, 0.8544908540793973, 0.8222622061667457, 1.0, 0.9622832149006748, 0.8544908540793973, 0.9622832149006748, 1.0]\n",
      "[1.0, 0.8749847574039578, 0.8779797501620846, 0.8749847574039578, 1.0, 0.996588767841657, 0.8779797501620846, 0.996588767841657, 1.0]\n",
      "[1.0, 0.8720334684034929, 0.9084883455340484, 0.8720334684034929, 1.0, 0.9598730382070826, 0.9084883455340484, 0.9598730382070826, 1.0]\n",
      "[1.0, 0.9583067221730072, 0.9555880310052907, 0.9583067221730072, 1.0, 0.9971630260909036, 0.9555880310052907, 0.9971630260909036, 1.0]\n",
      "[1.0, 0.9022142714474489, 0.888240688072077, 0.9022142714474489, 1.0, 0.9845119016428839, 0.888240688072077, 0.9845119016428839, 1.0]\n",
      "[1.0, 0.9575175949079849, 0.9323239671133131, 0.9575175949079849, 1.0, 0.9736886006809171, 0.9323239671133131, 0.9736886006809171, 1.0]\n",
      "[1.0, 0.9868441270477204, 0.9941772831978462, 0.9868441270477204, 1.0, 0.9810980131680528, 0.9941772831978462, 0.9810980131680528, 1.0]\n",
      "[1.0, 0.9870647506866194, 0.9305314315635447, 0.9870647506866194, 1.0, 0.9427258251459703, 0.9305314315635447, 0.9427258251459703, 1.0]\n",
      "[1.0, 0.8445687569831293, 0.841590449656238, 0.8445687569831293, 1.0, 0.9964735762455503, 0.841590449656238, 0.9964735762455503, 1.0]\n",
      "[1.0, 0.9955284469762424, 0.9582323780727441, 0.9955284469762424, 1.0, 0.9539475911851105, 0.9582323780727441, 0.9539475911851105, 1.0]\n",
      "[1.0, 0.9892463749600927, 0.9760738843967752, 0.9892463749600927, 1.0, 0.9866843175807959, 0.9760738843967752, 0.9866843175807959, 1.0]\n",
      "[1.0, 0.8640466146640331, 0.8559547374004262, 0.8640466146640331, 1.0, 0.9906349065822643, 0.8559547374004262, 0.9906349065822643, 1.0]\n",
      "[1.0, 0.8522016422967885, 0.914322478930084, 0.8522016422967885, 1.0, 0.932058066967808, 0.914322478930084, 0.932058066967808, 1.0]\n",
      "[1.0, 0.9085690860767178, 0.8993187032109544, 0.9085690860767178, 1.0, 0.9898187347472855, 0.8993187032109544, 0.9898187347472855, 1.0]\n",
      "[1.0, 0.8723865698098623, 0.8882648559728402, 0.8723865698098623, 1.0, 0.9821243787185661, 0.8882648559728402, 0.9821243787185661, 1.0]\n",
      "[1.0, 0.8713156426685857, 0.8721122136188472, 0.8713156426685857, 1.0, 0.9990866187426087, 0.8721122136188472, 0.9990866187426087, 1.0]\n",
      "[1.0, 0.9980382520716724, 0.9713359702196331, 0.9980382520716724, 1.0, 0.9694304538923447, 0.9713359702196331, 0.9694304538923447, 1.0]\n",
      "[1.0, 0.9913339244690996, 0.9814906296336808, 0.9913339244690996, 1.0, 0.9729849577044044, 0.9814906296336808, 0.9729849577044044, 1.0]\n",
      "[1.0, 0.8038387211918933, 0.8252327714815506, 0.8038387211918933, 1.0, 0.9740751324608107, 0.8252327714815506, 0.9740751324608107, 1.0]\n",
      "[1.0, 0.9365652639414292, 0.9091824596278841, 0.9365652639414292, 1.0, 0.9707625241210552, 0.9091824596278841, 0.9707625241210552, 1.0]\n",
      "[1.0, 0.9400467904051362, 0.9163393461815554, 0.9400467904051362, 1.0, 0.9747805700040064, 0.9163393461815554, 0.9747805700040064, 1.0]\n",
      "[1.0, 0.9313347809966771, 0.9225399875687651, 0.9313347809966771, 1.0, 0.9905567862305108, 0.9225399875687651, 0.9905567862305108, 1.0]\n",
      "[1.0, 0.9566360757784762, 0.9562819520389326, 0.9566360757784762, 1.0, 0.999629823975376, 0.9562819520389326, 0.999629823975376, 1.0]\n",
      "[1.0, 0.8888247067888616, 0.8820276110839541, 0.8888247067888616, 1.0, 0.9923527151608286, 0.8820276110839541, 0.9923527151608286, 1.0]\n",
      "[1.0, 0.9695994087282315, 0.9971710824882274, 0.9695994087282315, 1.0, 0.9668564919814757, 0.9971710824882274, 0.9668564919814757, 1.0]\n",
      "[1.0, 0.9609978665429687, 0.9501998662939929, 0.9609978665429687, 1.0, 0.9887637625171637, 0.9501998662939929, 0.9887637625171637, 1.0]\n",
      "[1.0, 0.9268330630143756, 0.9197208991238687, 0.9268330630143756, 1.0, 0.9923263809046952, 0.9197208991238687, 0.9923263809046952, 1.0]\n",
      "[1.0, 0.8882361899916548, 0.917029032046102, 0.8882361899916548, 1.0, 0.9686020387051392, 0.917029032046102, 0.9686020387051392, 1.0]\n",
      "[1.0, 0.901176123364941, 0.884509444348872, 0.901176123364941, 1.0, 0.9815056362636012, 0.884509444348872, 0.9815056362636012, 1.0]\n",
      "[1.0, 0.8718037234305034, 0.8418472326502613, 0.8718037234305034, 1.0, 0.9656384918128535, 0.8418472326502613, 0.9656384918128535, 1.0]\n",
      "[1.0, 0.9943189371226306, 0.9709457503594144, 0.9943189371226306, 1.0, 0.9764932700257587, 0.9709457503594144, 0.9764932700257587, 1.0]\n",
      "[1.0, 0.8047022216329307, 0.7934219481290079, 0.8047022216329307, 1.0, 0.9859820524901343, 0.7934219481290079, 0.9859820524901343, 1.0]\n",
      "[1.0, 0.7930884931771042, 0.8116052395750251, 0.7930884931771042, 1.0, 0.9771850334435783, 0.8116052395750251, 0.9771850334435783, 1.0]\n",
      "[1.0, 0.991333965108459, 0.9916002194584556, 0.991333965108459, 1.0, 0.9830069773581688, 0.9916002194584556, 0.9830069773581688, 1.0]\n",
      "[1.0, 0.8998988156285381, 0.8736481922100682, 0.8998988156285381, 1.0, 0.970829361076406, 0.8736481922100682, 0.970829361076406, 1.0]\n",
      "[1.0, 0.9675104095005019, 0.9235828647067292, 0.9675104095005019, 1.0, 0.9545973414214207, 0.9235828647067292, 0.9545973414214207, 1.0]\n",
      "[1.0, 0.9313933965659695, 0.9286494929600297, 0.9313933965659695, 1.0, 0.99705397996587, 0.9286494929600297, 0.99705397996587, 1.0]\n",
      "[1.0, 0.921722182060977, 0.8926870106079403, 0.921722182060977, 1.0, 0.9684989989194859, 0.8926870106079403, 0.9684989989194859, 1.0]\n",
      "[1.0, 0.8099595413010219, 0.8147334577007262, 0.8099595413010219, 1.0, 0.9941405175464662, 0.8147334577007262, 0.9941405175464662, 1.0]\n",
      "[1.0, 0.8564578609916651, 0.885200198048726, 0.8564578609916651, 1.0, 0.967530128076769, 0.885200198048726, 0.967530128076769, 1.0]\n",
      "[1.0, 0.9388345349847272, 0.9362711195339876, 0.9388345349847272, 1.0, 0.9972695769539609, 0.9362711195339876, 0.9972695769539609, 1.0]\n",
      "[1.0, 0.9698937571503169, 0.9464715284867262, 0.9698937571503169, 1.0, 0.9758507274730704, 0.9464715284867262, 0.9758507274730704, 1.0]\n",
      "[1.0, 0.8411920350204236, 0.8605170067984433, 0.8411920350204236, 1.0, 0.9775426033124919, 0.8605170067984433, 0.9775426033124919, 1.0]\n",
      "[1.0, 0.8620118538117572, 0.8508546144284677, 0.8620118538117572, 1.0, 0.9870567448301866, 0.8508546144284677, 0.9870567448301866, 1.0]\n",
      "[1.0, 0.8767544214281032, 0.8923513399102432, 0.8767544214281032, 1.0, 0.9825215497701737, 0.8923513399102432, 0.9825215497701737, 1.0]\n",
      "[1.0, 0.9915248470435482, 0.9822127546102868, 0.9915248470435482, 1.0, 0.9738883512791867, 0.9822127546102868, 0.9738883512791867, 1.0]\n",
      "[1.0, 0.9869906676262519, 0.9937208564100866, 0.9869906676262519, 1.0, 0.9932272843621817, 0.9937208564100866, 0.9932272843621817, 1.0]\n",
