{
 "cells": [
  {
   "cell_type": "code",
   "execution_count": 3,
   "id": "1f075ada-6f7d-4d8c-8117-0867f6e2fc3c",
   "metadata": {},
   "outputs": [
    {
     "name": "stderr",
     "output_type": "stream",
     "text": [
      "C:\\Users\\STUDENT018\\AppData\\Local\\Temp\\ipykernel_12680\\1794494080.py:189: FutureWarning: Setting an item of incompatible dtype is deprecated and will raise in a future error of pandas. Value '0.1' has dtype incompatible with int64, please explicitly cast to a compatible dtype first.\n",
      "  df_Anchor.loc[i] = list\n"
     ]
    },
    {
     "name": "stdout",
     "output_type": "stream",
     "text": [
      "[1.0, 0.8769778968843311, 0.9402418338904134, 0.8769778968843311, 1.0, 0.9327152497094107, 0.9402418338904134, 0.9327152497094107, 1.0]\n",
      "[1.0, 0.7538235354547498, 0.8596475584712936, 0.7538235354547498, 1.0, 0.8768983614578862, 0.8596475584712936, 0.8768983614578862, 1.0]\n",
      "[1.0, 0.8664429372983196, 0.9266653880219374, 0.8664429372983196, 1.0, 0.935011654150406, 0.9266653880219374, 0.935011654150406, 1.0]\n",
      "[1.0, 0.8169399565116455, 0.9244802004971497, 0.8169399565116455, 1.0, 0.8836749084213235, 0.9244802004971497, 0.8836749084213235, 1.0]\n",
      "[1.0, 0.9494838261159522, 0.9997625328505011, 0.9494838261159522, 1.0, 0.9497093508883601, 0.9997625328505011, 0.9497093508883601, 1.0]\n",
      "[1.0, 0.9923355690169731, 0.9187118623332521, 0.9923355690169731, 1.0, 0.9258076511792739, 0.9187118623332521, 0.9258076511792739, 1.0]\n",
      "[1.0, 0.6817912999181976, 0.7280318168538444, 0.6817912999181976, 1.0, 0.9364855822710153, 0.7280318168538444, 0.9364855822710153, 1.0]\n",
      "[1.0, 0.9699051790714645, 0.9968335189822913, 0.9699051790714645, 1.0, 0.9729861211545945, 0.9968335189822913, 0.9729861211545945, 1.0]\n",
      "[1.0, 0.7460803208302478, 0.7668441164901092, 0.7460803208302478, 1.0, 0.9729230553989272, 0.7668441164901092, 0.9729230553989272, 1.0]\n",
      "[1.0, 0.9961406089097248, 0.9694109622573583, 0.9961406089097248, 1.0, 0.9731667935095809, 0.9694109622573583, 0.9731667935095809, 1.0]\n",
      "[1.0, 0.707496837453077, 0.8324918028951084, 0.707496837453077, 1.0, 0.849854418977648, 0.8324918028951084, 0.849854418977648, 1.0]\n",
      "[1.0, 0.9654955856878262, 0.9856548898671537, 0.9654955856878262, 1.0, 0.9516454451783574, 0.9856548898671537, 0.9516454451783574, 1.0]\n",
      "[1.0, 0.8864284012677927, 0.9965075706752585, 0.8864284012677927, 1.0, 0.8833326127249213, 0.9965075706752585, 0.8833326127249213, 1.0]\n",
      "[1.0, 0.8970451308203553, 0.9992247897879615, 0.8970451308203553, 1.0, 0.8963497322742839, 0.9992247897879615, 0.8963497322742839, 1.0]\n",
      "[1.0, 0.8815832454295335, 0.968634477937311, 0.8815832454295335, 1.0, 0.9101299463414193, 0.968634477937311, 0.9101299463414193, 1.0]\n",
      "[1.0, 0.916038415098083, 0.9484590817714273, 0.916038415098083, 1.0, 0.8688249540512815, 0.9484590817714273, 0.8688249540512815, 1.0]\n",
      "[1.0, 0.8313893365990886, 0.9068261640089649, 0.8313893365990886, 1.0, 0.9168122508989159, 0.9068261640089649, 0.9168122508989159, 1.0]\n",
      "[1.0, 0.820093272192947, 0.9031606149931114, 0.820093272192947, 1.0, 0.9080259464139744, 0.9031606149931114, 0.9080259464139744, 1.0]\n",
      "[1.0, 0.9027422510133586, 0.9523802898564939, 0.9027422510133586, 1.0, 0.9478800229574104, 0.9523802898564939, 0.9478800229574104, 1.0]\n",
      "[1.0, 0.9621198025710928, 0.9676214109144025, 0.9621198025710928, 1.0, 0.9943142966027274, 0.9676214109144025, 0.9943142966027274, 1.0]\n",
      "[1.0, 0.7542971656544307, 0.7639257968196232, 0.7542971656544307, 1.0, 0.9873958554544454, 0.7639257968196232, 0.9873958554544454, 1.0]\n",
      "[1.0, 0.9051194643131341, 0.9236965412954792, 0.9051194643131341, 1.0, 0.9798883332871521, 0.9236965412954792, 0.9798883332871521, 1.0]\n",
      "[1.0, 0.7890164384547469, 0.8848609636237673, 0.7890164384547469, 1.0, 0.8916840847216169, 0.8848609636237673, 0.8916840847216169, 1.0]\n",
      "[1.0, 0.953789168295459, 0.9777401643890461, 0.953789168295459, 1.0, 0.9755037207573924, 0.9777401643890461, 0.9755037207573924, 1.0]\n",
      "[1.0, 0.9069815552895122, 0.9222421737908155, 0.9069815552895122, 1.0, 0.9834526993722531, 0.9222421737908155, 0.9834526993722531, 1.0]\n",
      "[1.0, 0.9218848895282382, 0.9810736313484066, 0.9218848895282382, 1.0, 0.9044369562546933, 0.9810736313484066, 0.9044369562546933, 1.0]\n",
      "[1.0, 0.9243070586830653, 0.99152641106169, 0.9243070586830653, 1.0, 0.9164748606150066, 0.99152641106169, 0.9164748606150066, 1.0]\n",
      "[1.0, 0.7924280451053228, 0.8636207755557304, 0.7924280451053228, 1.0, 0.9175648242081765, 0.8636207755557304, 0.9175648242081765, 1.0]\n",
      "[1.0, 0.9972531555128596, 0.9695834197362104, 0.9972531555128596, 1.0, 0.9669201248648853, 0.9695834197362104, 0.9669201248648853, 1.0]\n",
      "[1.0, 0.9916173784853834, 0.9260174204973743, 0.9916173784853834, 1.0, 0.9182549669454033, 0.9260174204973743, 0.9182549669454033, 1.0]\n",
      "[1.0, 0.9512723765531597, 0.9744538588404544, 0.9512723765531597, 1.0, 0.9269710381405563, 0.9744538588404544, 0.9269710381405563, 1.0]\n",
      "[1.0, 0.792480922219456, 0.8970357875786625, 0.792480922219456, 1.0, 0.8834440422478261, 0.8970357875786625, 0.8834440422478261, 1.0]\n",
      "[1.0, 0.8436167051652681, 0.9662726558234623, 0.8436167051652681, 1.0, 0.8730627945239057, 0.9662726558234623, 0.8730627945239057, 1.0]\n",
      "[1.0, 0.7419963939957177, 0.8318472829439112, 0.7419963939957177, 1.0, 0.8919863167308657, 0.8318472829439112, 0.8919863167308657, 1.0]\n",
      "[1.0, 0.8988922897694354, 0.9860845931234282, 0.8988922897694354, 1.0, 0.911577258216954, 0.9860845931234282, 0.911577258216954, 1.0]\n",
      "[1.0, 0.9110144054839219, 0.95041767881321, 0.9110144054839219, 1.0, 0.8658441966254256, 0.95041767881321, 0.8658441966254256, 1.0]\n",
      "[1.0, 0.9027851590609236, 0.943337651541982, 0.9027851590609236, 1.0, 0.957011688853115, 0.943337651541982, 0.957011688853115, 1.0]\n",
      "[1.0, 0.9060039455231995, 0.9821038226923527, 0.9060039455231995, 1.0, 0.8897899382726884, 0.9821038226923527, 0.8897899382726884, 1.0]\n",
      "[1.0, 0.8811715553983006, 0.9434304326279777, 0.8811715553983006, 1.0, 0.9340079829137464, 0.9434304326279777, 0.9340079829137464, 1.0]\n",
      "[1.0, 0.8499264247955525, 0.9538508171239838, 0.8499264247955525, 1.0, 0.8910475407026642, 0.9538508171239838, 0.8910475407026642, 1.0]\n",
      "[1.0, 0.9657643990940633, 0.95180271271891, 0.9657643990940633, 1.0, 0.9192171749050775, 0.95180271271891, 0.9192171749050775, 1.0]\n",
      "[1.0, 0.952093468466377, 0.9236371085920285, 0.952093468466377, 1.0, 0.8793888583236401, 0.9236371085920285, 0.8793888583236401, 1.0]\n",
      "[1.0, 0.8677663438463353, 0.9787006098462933, 0.8677663438463353, 1.0, 0.8866514796415829, 0.9787006098462933, 0.8866514796415829, 1.0]\n",
      "[1.0, 0.8025666456753604, 0.8546616808639863, 0.8025666456753604, 1.0, 0.9390460151015985, 0.8546616808639863, 0.9390460151015985, 1.0]\n",
      "[1.0, 0.9180102387917344, 0.977670839108314, 0.9180102387917344, 1.0, 0.8975118404695387, 0.977670839108314, 0.8975118404695387, 1.0]\n",
      "[1.0, 0.8732428254421978, 0.9160167290368884, 0.8732428254421978, 1.0, 0.9533044515031253, 0.9160167290368884, 0.9533044515031253, 1.0]\n",
      "[1.0, 0.8681911767198585, 0.9911838125203045, 0.8681911767198585, 1.0, 0.8759133934121562, 0.9911838125203045, 0.8759133934121562, 1.0]\n",
      "[1.0, 0.9248146729358684, 0.9800056574944861, 0.9248146729358684, 1.0, 0.9063236116110638, 0.9800056574944861, 0.9063236116110638, 1.0]\n",
      "[1.0, 0.8512403073375951, 0.964549830671138, 0.8512403073375951, 1.0, 0.882526003602425, 0.964549830671138, 0.882526003602425, 1.0]\n",
      "[1.0, 0.9903746370213455, 0.905004448050966, 0.9903746370213455, 1.0, 0.8962934517411787, 0.905004448050966, 0.8962934517411787, 1.0]\n",
      "[1.0, 0.8478018059706471, 0.8298879752241863, 0.8478018059706471, 1.0, 0.9788702611620987, 0.8298879752241863, 0.9788702611620987, 1.0]\n",
      "[1.0, 0.9001737844317457, 0.9284018683415651, 0.9001737844317457, 1.0, 0.9695949729611766, 0.9284018683415651, 0.9695949729611766, 1.0]\n",
      "[1.0, 0.9304072564412993, 0.9641440194014775, 0.9304072564412993, 1.0, 0.8970465919056155, 0.9641440194014775, 0.8970465919056155, 1.0]\n",
      "[1.0, 0.9855179903221827, 0.9295950437104611, 0.9855179903221827, 1.0, 0.9432552757424149, 0.9295950437104611, 0.9432552757424149, 1.0]\n",
      "[1.0, 0.691482125887426, 0.788470604262659, 0.691482125887426, 1.0, 0.8769916369096193, 0.788470604262659, 0.8769916369096193, 1.0]\n",
      "[1.0, 0.9283918161385268, 0.9787748809573029, 0.9283918161385268, 1.0, 0.908686589322721, 0.9787748809573029, 0.908686589322721, 1.0]\n",
      "[1.0, 0.9501533307741209, 0.9839385332161434, 0.9501533307741209, 1.0, 0.965663299788056, 0.9839385332161434, 0.965663299788056, 1.0]\n",
      "[1.0, 0.7218237320762845, 0.8397917229593732, 0.7218237320762845, 1.0, 0.85952708551666, 0.8397917229593732, 0.85952708551666, 1.0]\n",
      "[1.0, 0.942276214829473, 0.9807843973191018, 0.942276214829473, 1.0, 0.9241698094696492, 0.9807843973191018, 0.9241698094696492, 1.0]\n",
      "[1.0, 0.9924333047658264, 0.9261515990093129, 0.9924333047658264, 1.0, 0.9191436921189667, 0.9261515990093129, 0.9191436921189667, 1.0]\n",
      "[1.0, 0.8293992958669508, 0.9010612673642493, 0.8293992958669508, 1.0, 0.9204693686291484, 0.9010612673642493, 0.9204693686291484, 1.0]\n",
      "[1.0, 0.9020238119021978, 0.9798111001850996, 0.9020238119021978, 1.0, 0.8838129435330498, 0.9798111001850996, 0.8838129435330498, 1.0]\n",
      "[1.0, 0.9721576020604504, 0.9099007541976727, 0.9721576020604504, 1.0, 0.8845669353138048, 0.9099007541976727, 0.8845669353138048, 1.0]\n",
      "[1.0, 0.8420305740908469, 0.8988074610094594, 0.8420305740908469, 1.0, 0.9368308682542023, 0.8988074610094594, 0.9368308682542023, 1.0]\n",
      "[1.0, 0.8894676848127044, 0.9436269414301773, 0.8894676848127044, 1.0, 0.9426052243322046, 0.9436269414301773, 0.9426052243322046, 1.0]\n",
      "[1.0, 0.9592866220181405, 0.9620736400903597, 0.9592866220181405, 1.0, 0.9971031135704359, 0.9620736400903597, 0.9971031135704359, 1.0]\n",
      "[1.0, 0.7464774449943267, 0.7838842345971032, 0.7464774449943267, 1.0, 0.952280211858065, 0.7838842345971032, 0.952280211858065, 1.0]\n",
      "[1.0, 0.8585912666248937, 0.9979314821161804, 0.8585912666248937, 1.0, 0.8603709593410096, 0.9979314821161804, 0.8603709593410096, 1.0]\n",
      "[1.0, 0.9535125402195425, 0.9307386813032162, 0.9535125402195425, 1.0, 0.8874710042900169, 0.9307386813032162, 0.8874710042900169, 1.0]\n",
      "[1.0, 0.9685153884831162, 0.9132332896505629, 0.9685153884831162, 1.0, 0.8844804943016292, 0.9132332896505629, 0.8844804943016292, 1.0]\n",
      "[1.0, 0.9625005028075669, 0.8944381418724813, 0.9625005028075669, 1.0, 0.8608971612825291, 0.8944381418724813, 0.8608971612825291, 1.0]\n",
      "[1.0, 0.9608315568442873, 0.9957421664372652, 0.9608315568442873, 1.0, 0.9567404959934211, 0.9957421664372652, 0.9567404959934211, 1.0]\n",
      "[1.0, 0.9510723545567972, 0.8659350518835385, 0.9510723545567972, 1.0, 0.9104828331247911, 0.8659350518835385, 0.9104828331247911, 1.0]\n",
      "[1.0, 0.986512073024469, 0.9672387709320014, 0.986512073024469, 1.0, 0.9541927250217681, 0.9672387709320014, 0.9541927250217681, 1.0]\n",
      "[1.0, 0.9820796673301764, 0.9588489743754649, 0.9820796673301764, 1.0, 0.9416660817745375, 0.9588489743754649, 0.9416660817745375, 1.0]\n",
      "[1.0, 0.8878243275157461, 0.9165771100549261, 0.8878243275157461, 1.0, 0.9686302633747236, 0.9165771100549261, 0.9686302633747236, 1.0]\n",
      "[1.0, 0.8410542157534585, 0.9550244510061107, 0.8410542157534585, 1.0, 0.880662494941794, 0.9550244510061107, 0.880662494941794, 1.0]\n",
      "[1.0, 0.9685723518435954, 0.9796343152564938, 0.9685723518435954, 1.0, 0.988708068673562, 0.9796343152564938, 0.988708068673562, 1.0]\n",
      "[1.0, 0.8595603251479677, 0.8770693253695728, 0.8595603251479677, 1.0, 0.9800369255711602, 0.8770693253695728, 0.9800369255711602, 1.0]\n",
      "[1.0, 0.9524371152033552, 0.9756092901906288, 0.9524371152033552, 1.0, 0.9762485092954107, 0.9756092901906288, 0.9762485092954107, 1.0]\n",
      "[1.0, 0.9376200922837609, 0.9579176035970566, 0.9376200922837609, 1.0, 0.8981627918849112, 0.9579176035970566, 0.8981627918849112, 1.0]\n",
      "[1.0, 0.8783597028388391, 0.9366338594488821, 0.8783597028388391, 1.0, 0.9377834187583912, 0.9366338594488821, 0.9377834187583912, 1.0]\n",
      "[1.0, 0.8016166389802283, 0.8704365873625409, 0.8016166389802283, 1.0, 0.9209362871672938, 0.8704365873625409, 0.9209362871672938, 1.0]\n",
      "[1.0, 0.9209468617709375, 0.9905122431395397, 0.9209468617709375, 1.0, 0.9122091418650509, 0.9905122431395397, 0.9122091418650509, 1.0]\n",
      "[1.0, 0.7551099648576811, 0.7746938935189295, 0.7551099648576811, 1.0, 0.9747204298044853, 0.7746938935189295, 0.9747204298044853, 1.0]\n",
      "[1.0, 0.8121750824961773, 0.947780079112559, 0.8121750824961773, 1.0, 0.8569235631715814, 0.947780079112559, 0.8569235631715814, 1.0]\n",
      "[1.0, 0.8519739794534115, 0.9672004560581151, 0.8519739794534115, 1.0, 0.8808659819347933, 0.9672004560581151, 0.8808659819347933, 1.0]\n",
      "[1.0, 0.9143367789894081, 0.9942180512245352, 0.9143367789894081, 1.0, 0.919654172304817, 0.9942180512245352, 0.919654172304817, 1.0]\n",
      "[1.0, 0.9922136455560606, 0.9465953258060177, 0.9922136455560606, 1.0, 0.9540236924231401, 0.9465953258060177, 0.9540236924231401, 1.0]\n",
      "[1.0, 0.9637344525026625, 0.9912048654727131, 0.9637344525026625, 1.0, 0.9552582783443205, 0.9912048654727131, 0.9552582783443205, 1.0]\n",
      "[1.0, 0.9991058190746989, 0.9729041180809382, 0.9991058190746989, 1.0, 0.973774848976431, 0.9729041180809382, 0.973774848976431, 1.0]\n",
      "[1.0, 0.8547347028130353, 0.9208579072750368, 0.8547347028130353, 1.0, 0.9281939114171583, 0.9208579072750368, 0.9281939114171583, 1.0]\n",
      "[1.0, 0.9673124683032034, 0.9330008191768442, 0.9673124683032034, 1.0, 0.9645288877682446, 0.9330008191768442, 0.9645288877682446, 1.0]\n",
      "[1.0, 0.9908084612679272, 0.9557144845907751, 0.9908084612679272, 1.0, 0.946929997888856, 0.9557144845907751, 0.946929997888856, 1.0]\n",
      "[1.0, 0.8456569875091582, 0.8957943195862395, 0.8456569875091582, 1.0, 0.9440303080954574, 0.8957943195862395, 0.9440303080954574, 1.0]\n",
      "[1.0, 0.8592055550369495, 0.922197857128611, 0.8592055550369495, 1.0, 0.9316932894554791, 0.922197857128611, 0.9316932894554791, 1.0]\n",
      "[1.0, 0.8638738451434367, 0.9497726693609548, 0.8638738451434367, 1.0, 0.9095585428086551, 0.9497726693609548, 0.9095585428086551, 1.0]\n",
      "[1.0, 0.7412430349191854, 0.8050942554056918, 0.7412430349191854, 1.0, 0.9206909997707892, 0.8050942554056918, 0.9206909997707892, 1.0]\n",
      "[1.0, 0.769670879694452, 0.8187994485544893, 0.769670879694452, 1.0, 0.9399992648422407, 0.8187994485544893, 0.9399992648422407, 1.0]\n",
      "[1.0, 0.899060962091306, 0.9993279089033729, 0.899060962091306, 1.0, 0.8996656193440087, 0.9993279089033729, 0.8996656193440087, 1.0]\n",
      "[1.0, 0.8912882932737484, 0.9313646742764954, 0.8912882932737484, 1.0, 0.9569702586863956, 0.9313646742764954, 0.9569702586863956, 1.0]\n",
      "[1.0, 0.9581900040923914, 0.9714197677728514, 0.9581900040923914, 1.0, 0.9308047112576985, 0.9714197677728514, 0.9308047112576985, 1.0]\n",
      "[1.0, 0.8852016722675431, 0.9661317876745491, 0.8852016722675431, 1.0, 0.9162328406543766, 0.9661317876745491, 0.9162328406543766, 1.0]\n",
      "[1.0, 0.6523229825172091, 0.6878373005430483, 0.6523229825172091, 1.0, 0.9483681417134537, 0.6878373005430483, 0.9483681417134537, 1.0]\n",
      "[1.0, 0.9276546274938234, 0.9751787374334208, 0.9276546274938234, 1.0, 0.9512662570302995, 0.9751787374334208, 0.9512662570302995, 1.0]\n",
      "[1.0, 0.9096600987928364, 0.9181438365009045, 0.9096600987928364, 1.0, 0.8351988130174466, 0.9181438365009045, 0.8351988130174466, 1.0]\n",
      "[1.0, 0.8510451567204637, 0.8706145664067564, 0.8510451567204637, 1.0, 0.9775223038513351, 0.8706145664067564, 0.9775223038513351, 1.0]\n",
      "[1.0, 0.8010630685666968, 0.847208694083751, 0.8010630685666968, 1.0, 0.9455321624538329, 0.847208694083751, 0.9455321624538329, 1.0]\n",
      "[1.0, 0.973403226912563, 0.9388721871539772, 0.973403226912563, 1.0, 0.9645254517307168, 0.9388721871539772, 0.9645254517307168, 1.0]\n",
      "[1.0, 0.9822357880297368, 0.8739431469155658, 0.9822357880297368, 1.0, 0.8584182356037988, 0.8739431469155658, 0.8584182356037988, 1.0]\n",
      "[1.0, 0.9596203473167342, 0.9631221898555676, 0.9596203473167342, 1.0, 0.9242316503376534, 0.9631221898555676, 0.9242316503376534, 1.0]\n",
      "[1.0, 0.9490341415608908, 0.980093490733009, 0.9490341415608908, 1.0, 0.9683098097622412, 0.980093490733009, 0.9683098097622412, 1.0]\n",
      "[1.0, 0.703224314400455, 0.7638335778679817, 0.703224314400455, 1.0, 0.9206512187684918, 0.7638335778679817, 0.9206512187684918, 1.0]\n",
      "[1.0, 0.923801022654994, 0.9702246658290813, 0.923801022654994, 1.0, 0.8962945384980051, 0.9702246658290813, 0.8962945384980051, 1.0]\n",
      "[1.0, 0.8826091666234152, 0.9522233079984097, 0.8826091666234152, 1.0, 0.9268930504113319, 0.9522233079984097, 0.9268930504113319, 1.0]\n",
      "[1.0, 0.9995090630931768, 0.9420743104611261, 0.9995090630931768, 1.0, 0.9425370366784793, 0.9420743104611261, 0.9425370366784793, 1.0]\n",
      "[1.0, 0.6624457771937193, 0.7504464227441832, 0.6624457771937193, 1.0, 0.8827356052565767, 0.7504464227441832, 0.8827356052565767, 1.0]\n",
      "[1.0, 0.632693449728362, 0.6373793355389799, 0.632693449728362, 1.0, 0.992648199354227, 0.6373793355389799, 0.992648199354227, 1.0]\n",
      "[1.0, 0.7950694255242147, 0.9240030615466635, 0.7950694255242147, 1.0, 0.860461895216418, 0.9240030615466635, 0.860461895216418, 1.0]\n",
      "[1.0, 0.92404001610762, 0.9607628233756982, 0.92404001610762, 1.0, 0.9617774476961438, 0.9607628233756982, 0.9617774476961438, 1.0]\n",
      "[1.0, 0.8641251310408095, 0.8759172214564954, 0.8641251310408095, 1.0, 0.9865374374120903, 0.8759172214564954, 0.9865374374120903, 1.0]\n",
      "[1.0, 0.9874433327642014, 0.911357817856971, 0.9874433327642014, 1.0, 0.8999142010053974, 0.911357817856971, 0.8999142010053974, 1.0]\n",
      "[1.0, 0.8978320073805471, 0.968425268097462, 0.8978320073805471, 1.0, 0.9271051024354207, 0.968425268097462, 0.9271051024354207, 1.0]\n",
      "[1.0, 0.9091239679133366, 0.9859934841184002, 0.9091239679133366, 1.0, 0.8963903086184154, 0.9859934841184002, 0.8963903086184154, 1.0]\n",
      "[1.0, 0.7538395813032325, 0.868319725146256, 0.7538395813032325, 1.0, 0.868158996591099, 0.868319725146256, 0.868158996591099, 1.0]\n",
      "[1.0, 0.7174496695169794, 0.7915067760456813, 0.7174496695169794, 1.0, 0.9064352842325791, 0.7915067760456813, 0.9064352842325791, 1.0]\n",
      "[1.0, 0.9233530167154824, 0.931562989549336, 0.9233530167154824, 1.0, 0.9911868838436514, 0.931562989549336, 0.9911868838436514, 1.0]\n",
      "[1.0, 0.8199979996225911, 0.9017367960667948, 0.8199979996225911, 1.0, 0.9093540412227461, 0.9017367960667948, 0.9093540412227461, 1.0]\n",
      "[1.0, 0.9897541601187496, 0.935546113616436, 0.9897541601187496, 1.0, 0.925960657934796, 0.935546113616436, 0.925960657934796, 1.0]\n",
      "[1.0, 0.890028679518999, 0.9091317324429621, 0.890028679518999, 1.0, 0.9789875853605609, 0.9091317324429621, 0.9789875853605609, 1.0]\n",
      "[1.0, 0.9837689001241885, 0.9719926789838653, 0.9837689001241885, 1.0, 0.9880294842225278, 0.9719926789838653, 0.9880294842225278, 1.0]\n",
      "[1.0, 0.8976889915351308, 0.9453721663598693, 0.8976889915351308, 1.0, 0.9495614779856051, 0.9453721663598693, 0.9495614779856051, 1.0]\n",
      "[1.0, 0.9088729032099041, 0.9481931993327116, 0.9088729032099041, 1.0, 0.958531345562825, 0.9481931993327116, 0.958531345562825, 1.0]\n",
      "[1.0, 0.963782847471969, 0.8995359789868221, 0.963782847471969, 1.0, 0.8669573472314047, 0.8995359789868221, 0.8669573472314047, 1.0]\n",
      "[1.0, 0.9774544503047417, 0.9258462318099913, 0.9774544503047417, 1.0, 0.9472014082306747, 0.9258462318099913, 0.9472014082306747, 1.0]\n",
      "[1.0, 0.9173489584749863, 0.9129568219112938, 0.9173489584749863, 1.0, 0.9952121419846663, 0.9129568219112938, 0.9952121419846663, 1.0]\n",
      "[1.0, 0.981751504962242, 0.998149046364079, 0.981751504962242, 1.0, 0.9835720512266503, 0.998149046364079, 0.9835720512266503, 1.0]\n",
      "[1.0, 0.9902901061258219, 0.9185549217708182, 0.9902901061258219, 1.0, 0.9096358509628196, 0.9185549217708182, 0.9096358509628196, 1.0]\n",
      "[1.0, 0.9569685668887712, 0.9693068406569401, 0.9569685668887712, 1.0, 0.9872710340517077, 0.9693068406569401, 0.9872710340517077, 1.0]\n",
      "[1.0, 0.8986633322510448, 0.9441543477284657, 0.8986633322510448, 1.0, 0.9518182428679511, 0.9441543477284657, 0.9518182428679511, 1.0]\n",
      "[1.0, 0.7230669812044718, 0.7926960953938188, 0.7230669812044718, 1.0, 0.9121616536350483, 0.7926960953938188, 0.9121616536350483, 1.0]\n",
      "[1.0, 0.9500472558737986, 0.9990933616729091, 0.9500472558737986, 1.0, 0.9509093867694343, 0.9990933616729091, 0.9509093867694343, 1.0]\n",
      "[1.0, 0.8947809356337485, 0.999774024399493, 0.8947809356337485, 1.0, 0.8945787369744964, 0.999774024399493, 0.8945787369744964, 1.0]\n",
      "[1.0, 0.7851501023960916, 0.8178545191721687, 0.7851501023960916, 1.0, 0.9600119385423457, 0.8178545191721687, 0.9600119385423457, 1.0]\n",
      "[1.0, 0.7109010074124282, 0.7664291753207619, 0.7109010074124282, 1.0, 0.927549511818761, 0.7664291753207619, 0.927549511818761, 1.0]\n",
      "[1.0, 0.9765223321663198, 0.9740221853065598, 0.9765223321663198, 1.0, 0.951154415977297, 0.9740221853065598, 0.951154415977297, 1.0]\n",
      "[1.0, 0.6383149145424356, 0.758309610109165, 0.6383149145424356, 1.0, 0.8417602863433905, 0.758309610109165, 0.8417602863433905, 1.0]\n",
      "[1.0, 0.830804746166027, 0.9680745898452067, 0.830804746166027, 1.0, 0.858203236487047, 0.9680745898452067, 0.858203236487047, 1.0]\n",
      "[1.0, 0.9538084749699187, 0.9930513924204302, 0.9538084749699187, 1.0, 0.9604824908861342, 0.9930513924204302, 0.9604824908861342, 1.0]\n",
      "[1.0, 0.787664524104166, 0.7988835825094722, 0.787664524104166, 1.0, 0.985956579092457, 0.7988835825094722, 0.985956579092457, 1.0]\n",
      "[1.0, 0.9850968519135547, 0.9356432081863515, 0.9850968519135547, 1.0, 0.9216991788986735, 0.9356432081863515, 0.9216991788986735, 1.0]\n",
      "[1.0, 0.978938134425303, 0.9307473193525657, 0.978938134425303, 1.0, 0.9111440444283524, 0.9307473193525657, 0.9111440444283524, 1.0]\n",
      "[1.0, 0.9774690772444081, 0.888146619051257, 0.9774690772444081, 1.0, 0.868135856181773, 0.888146619051257, 0.868135856181773, 1.0]\n",
      "[1.0, 0.9253429980121024, 0.9905730888651754, 0.9253429980121024, 1.0, 0.9341491389314824, 0.9905730888651754, 0.9341491389314824, 1.0]\n",
      "[1.0, 0.8511296540375713, 0.893921365990646, 0.8511296540375713, 1.0, 0.9521303398921976, 0.893921365990646, 0.9521303398921976, 1.0]\n",
      "[1.0, 0.8673347124640669, 0.9928307280970355, 0.8673347124640669, 1.0, 0.8735977724284304, 0.9928307280970355, 0.8735977724284304, 1.0]\n",
      "[1.0, 0.8813138531405378, 0.9997074654141608, 0.8813138531405378, 1.0, 0.8815717433653708, 0.9997074654141608, 0.8815717433653708, 1.0]\n",
      "[1.0, 0.9440948244150096, 0.9779201996675116, 0.9440948244150096, 1.0, 0.9232493991969906, 0.9779201996675116, 0.9232493991969906, 1.0]\n",
      "[1.0, 0.9342244799332099, 0.9701548869974108, 0.9342244799332099, 1.0, 0.9629642570008548, 0.9701548869974108, 0.9629642570008548, 1.0]\n",
      "[1.0, 0.9218931237886814, 0.9727145301954142, 0.9218931237886814, 1.0, 0.89673883679649, 0.9727145301954142, 0.89673883679649, 1.0]\n",
      "[1.0, 0.9435128780530131, 0.9993885479579596, 0.9435128780530131, 1.0, 0.9429359651770362, 0.9993885479579596, 0.9429359651770362, 1.0]\n",
      "[1.0, 0.9016798772416867, 0.9592949099597886, 0.9016798772416867, 1.0, 0.8649769166511172, 0.9592949099597886, 0.8649769166511172, 1.0]\n",
      "[1.0, 0.8890351540022805, 0.9673530376879811, 0.8890351540022805, 1.0, 0.9190389851125252, 0.9673530376879811, 0.9190389851125252, 1.0]\n",
      "[1.0, 0.9455434944041307, 0.9877144031489253, 0.9455434944041307, 1.0, 0.9573045521961107, 0.9877144031489253, 0.9573045521961107, 1.0]\n",
      "[1.0, 0.8994490186685918, 0.9562534414886824, 0.8994490186685918, 1.0, 0.940596895806557, 0.9562534414886824, 0.940596895806557, 1.0]\n",
      "[1.0, 0.8557494120721678, 0.796526727810095, 0.8557494120721678, 1.0, 0.9307943617294844, 0.796526727810095, 0.9307943617294844, 1.0]\n",
      "[1.0, 0.9964094616809409, 0.9451303518494648, 0.9964094616809409, 1.0, 0.9417368251046435, 0.9451303518494648, 0.9417368251046435, 1.0]\n",
      "[1.0, 0.965556581453857, 0.9965942062437408, 0.965556581453857, 1.0, 0.9688563062122671, 0.9965942062437408, 0.9688563062122671, 1.0]\n",
      "[1.0, 0.9753092979746836, 0.9790210925019857, 0.9753092979746836, 1.0, 0.9548483744305195, 0.9790210925019857, 0.9548483744305195, 1.0]\n",
      "[1.0, 0.965623809934462, 0.9653487352393609, 0.965623809934462, 1.0, 0.9997151326507578, 0.9653487352393609, 0.9997151326507578, 1.0]\n",
      "[1.0, 0.809935202710061, 0.8985732512391379, 0.809935202710061, 1.0, 0.9013569028380887, 0.8985732512391379, 0.9013569028380887, 1.0]\n",
      "[1.0, 0.892840283457093, 0.9899248649897227, 0.892840283457093, 1.0, 0.9019273230058348, 0.9899248649897227, 0.9019273230058348, 1.0]\n",
      "[1.0, 0.8930767745702689, 0.9840558169348536, 0.8930767745702689, 1.0, 0.9075468679734376, 0.9840558169348536, 0.9075468679734376, 1.0]\n",
      "[1.0, 0.9940198088201548, 0.9479596038816274, 0.9940198088201548, 1.0, 0.9536626890834314, 0.9479596038816274, 0.9536626890834314, 1.0]\n",
      "[1.0, 0.9819011280570262, 0.9657684248062273, 0.9819011280570262, 1.0, 0.9835699310349891, 0.9657684248062273, 0.9835699310349891, 1.0]\n",
      "[1.0, 0.86070762581586, 0.9689710590142467, 0.86070762581586, 1.0, 0.8882696937217864, 0.9689710590142467, 0.8882696937217864, 1.0]\n",
      "[1.0, 0.912539374725281, 0.9487930720782594, 0.912539374725281, 1.0, 0.8658110367379732, 0.9487930720782594, 0.8658110367379732, 1.0]\n",
      "[1.0, 0.9604069606643968, 0.9835273687690111, 0.9604069606643968, 1.0, 0.9445865309696974, 0.9835273687690111, 0.9445865309696974, 1.0]\n",
      "[1.0, 0.8935254883688866, 0.9822839233046383, 0.8935254883688866, 1.0, 0.8776957222876829, 0.9822839233046383, 0.8776957222876829, 1.0]\n",
      "[1.0, 0.9849268587711615, 0.9095308369878863, 0.9849268587711615, 1.0, 0.9234501312337623, 0.9095308369878863, 0.9234501312337623, 1.0]\n",
      "[1.0, 0.8630347287114872, 0.9073752212959205, 0.8630347287114872, 1.0, 0.951133234031776, 0.9073752212959205, 0.951133234031776, 1.0]\n",
      "[1.0, 0.9324094863587445, 0.9511456685837116, 0.9324094863587445, 1.0, 0.8868572442964833, 0.9511456685837116, 0.8868572442964833, 1.0]\n",
      "[1.0, 0.8253258758577489, 0.822200615835109, 0.8253258758577489, 1.0, 0.9962133017828965, 0.822200615835109, 0.9962133017828965, 1.0]\n",
      "[1.0, 0.9876335413133608, 0.889969936877159, 0.9876335413133608, 1.0, 0.9011135199941385, 0.889969936877159, 0.9011135199941385, 1.0]\n",
      "[1.0, 0.6499754572613478, 0.6898140360585049, 0.6499754572613478, 1.0, 0.9422473641957346, 0.6898140360585049, 0.9422473641957346, 1.0]\n",
      "[1.0, 0.893283337109706, 0.9764557495210973, 0.893283337109706, 1.0, 0.8722516504721649, 0.9764557495210973, 0.8722516504721649, 1.0]\n",
      "[1.0, 0.9844661168214407, 0.894860161904841, 0.9844661168214407, 1.0, 0.9089801534196914, 0.894860161904841, 0.9089801534196914, 1.0]\n",
      "[1.0, 0.9627467364803549, 0.9462075246954998, 0.9627467364803549, 1.0, 0.9828208072194359, 0.9462075246954998, 0.9828208072194359, 1.0]\n",
      "[1.0, 0.6883481162020488, 0.7368484282738466, 0.6883481162020488, 1.0, 0.9341787127300857, 0.7368484282738466, 0.9341787127300857, 1.0]\n",
      "[1.0, 0.8692488845372806, 0.9318021824341016, 0.8692488845372806, 1.0, 0.9328684788723974, 0.9318021824341016, 0.9328684788723974, 1.0]\n",
      "[1.0, 0.815881770027523, 0.8393572479390906, 0.815881770027523, 1.0, 0.9720316015984757, 0.8393572479390906, 0.9720316015984757, 1.0]\n",
      "[1.0, 0.9068541250918172, 0.972626239291127, 0.9068541250918172, 1.0, 0.9323767840694426, 0.972626239291127, 0.9323767840694426, 1.0]\n",
      "[1.0, 0.9697989614347438, 0.9794997531547412, 0.9697989614347438, 1.0, 0.9900961774734977, 0.9794997531547412, 0.9900961774734977, 1.0]\n",
      "[1.0, 0.9240957380883597, 0.9316029922204884, 0.9240957380883597, 1.0, 0.9919415736157792, 0.9316029922204884, 0.9919415736157792, 1.0]\n",
      "[1.0, 0.8930933153302446, 0.979530571319547, 0.8930933153302446, 1.0, 0.9117564489356764, 0.979530571319547, 0.9117564489356764, 1.0]\n",
      "[1.0, 0.9296861509277837, 0.9646428838945681, 0.9296861509277837, 1.0, 0.9637619957080356, 0.9646428838945681, 0.9637619957080356, 1.0]\n",
      "[1.0, 0.9637979561604829, 0.8827547041336429, 0.9637979561604829, 1.0, 0.8507971796350569, 0.8827547041336429, 0.8507971796350569, 1.0]\n",
      "[1.0, 0.6882843788409398, 0.7478245055408342, 0.6882843788409398, 1.0, 0.9203822203488313, 0.7478245055408342, 0.9203822203488313, 1.0]\n",
      "[1.0, 0.9686146585584053, 0.939583424118696, 0.9686146585584053, 1.0, 0.910094277539868, 0.939583424118696, 0.910094277539868, 1.0]\n",
      "[1.0, 0.9942706648055982, 0.9825484472082822, 0.9942706648055982, 1.0, 0.976919097809487, 0.9825484472082822, 0.976919097809487, 1.0]\n",
      "[1.0, 0.7611418215859898, 0.8021675955488774, 0.7611418215859898, 1.0, 0.948856355965344, 0.8021675955488774, 0.948856355965344, 1.0]\n",
      "[1.0, 0.8585839817860366, 0.9140924544090446, 0.8585839817860366, 1.0, 0.939274772091961, 0.9140924544090446, 0.939274772091961, 1.0]\n",
      "[1.0, 0.9303987337757461, 0.982034215866164, 0.9303987337757461, 1.0, 0.9474198747292374, 0.982034215866164, 0.9474198747292374, 1.0]\n",
      "[1.0, 0.9282438930957294, 0.9248055982359832, 0.9282438930957294, 1.0, 0.9962959143762538, 0.9248055982359832, 0.9962959143762538, 1.0]\n",
      "[1.0, 0.8946337362411364, 0.9526567456219001, 0.8946337362411364, 1.0, 0.9390934776377551, 0.9526567456219001, 0.9390934776377551, 1.0]\n",
      "[1.0, 0.9498181330703618, 0.97498429669864, 0.9498181330703618, 1.0, 0.9260577644632219, 0.97498429669864, 0.9260577644632219, 1.0]\n",
      "[1.0, 0.8805765361138593, 0.9316691086127373, 0.8805765361138593, 1.0, 0.9451601732561947, 0.9316691086127373, 0.9451601732561947, 1.0]\n",
      "[1.0, 0.95349487939317, 0.9923561251914905, 0.95349487939317, 1.0, 0.9608394155970755, 0.9923561251914905, 0.9608394155970755, 1.0]\n",
      "[1.0, 0.9002152837292473, 0.9710981624965989, 0.9002152837292473, 1.0, 0.8741974078808264, 0.9710981624965989, 0.8741974078808264, 1.0]\n",
      "[1.0, 0.8659304912338979, 0.9254737437761182, 0.8659304912338979, 1.0, 0.9356618672948278, 0.9254737437761182, 0.9356618672948278, 1.0]\n",
      "[1.0, 0.867719687503304, 0.9424596056584175, 0.867719687503304, 1.0, 0.9206969532631598, 0.9424596056584175, 0.9206969532631598, 1.0]\n",
      "[1.0, 0.7486864049219182, 0.9097400481542777, 0.7486864049219182, 1.0, 0.8229674030959586, 0.9097400481542777, 0.8229674030959586, 1.0]\n",
      "[1.0, 0.8128733165802189, 0.8964275494865375, 0.8128733165802189, 1.0, 0.9067919845232585, 0.8964275494865375, 0.9067919845232585, 1.0]\n",
      "[1.0, 0.9069328937543342, 0.9647991945801644, 0.9069328937543342, 1.0, 0.9400224407826016, 0.9647991945801644, 0.9400224407826016, 1.0]\n",
      "[1.0, 0.9007022814209795, 0.9803301330402897, 0.9007022814209795, 1.0, 0.9187744526709987, 0.9803301330402897, 0.9187744526709987, 1.0]\n",
      "[1.0, 0.925388913502488, 0.9936885583450303, 0.925388913502488, 1.0, 0.9312665479853223, 0.9936885583450303, 0.9312665479853223, 1.0]\n",
      "[1.0, 0.9992649211299537, 0.9059944828473534, 0.9992649211299537, 1.0, 0.9053285054466338, 0.9059944828473534, 0.9053285054466338, 1.0]\n",
      "[1.0, 0.9420559607175687, 0.9460730575632688, 0.9420559607175687, 1.0, 0.8912537631517728, 0.9460730575632688, 0.8912537631517728, 1.0]\n",
      "[1.0, 0.9430207904557697, 0.9849258378220859, 0.9430207904557697, 1.0, 0.9288055421232947, 0.9849258378220859, 0.9288055421232947, 1.0]\n",
      "[1.0, 0.9182173164237367, 0.9756116122615022, 0.9182173164237367, 1.0, 0.9411709586925442, 0.9756116122615022, 0.9411709586925442, 1.0]\n",
      "[1.0, 0.8433889013127713, 0.9091366810445575, 0.8433889013127713, 1.0, 0.927681083490939, 0.9091366810445575, 0.927681083490939, 1.0]\n",
      "[1.0, 0.7601063276611165, 0.8164721634796795, 0.7601063276611165, 1.0, 0.9309641671329731, 0.8164721634796795, 0.9309641671329731, 1.0]\n",
      "[1.0, 0.9114920431081102, 0.9639573947812687, 0.9114920431081102, 1.0, 0.8786394952383498, 0.9639573947812687, 0.8786394952383498, 1.0]\n",
      "[1.0, 0.8617719341186757, 0.9780708144847143, 0.8617719341186757, 1.0, 0.8810935991098872, 0.9780708144847143, 0.8810935991098872, 1.0]\n",
      "[1.0, 0.7492856306203061, 0.840495784364636, 0.7492856306203061, 1.0, 0.8914805339407154, 0.840495784364636, 0.8914805339407154, 1.0]\n",
      "[1.0, 0.899360912867067, 0.9796295943561951, 0.899360912867067, 1.0, 0.9180622125428131, 0.9796295943561951, 0.9180622125428131, 1.0]\n",
      "[1.0, 0.9435570757016218, 0.9721093408754511, 0.9435570757016218, 1.0, 0.9172406469386717, 0.9721093408754511, 0.9172406469386717, 1.0]\n",
      "[1.0, 0.8410367273845822, 0.8761157588577496, 0.8410367273845822, 1.0, 0.9599607345051044, 0.8761157588577496, 0.9599607345051044, 1.0]\n",
      "[1.0, 0.9772709192251866, 0.8691303515078351, 0.9772709192251866, 1.0, 0.8493758175445716, 0.8691303515078351, 0.8493758175445716, 1.0]\n",
      "[1.0, 0.8560616951805924, 0.9324904777728636, 0.8560616951805924, 1.0, 0.9180380020879014, 0.9324904777728636, 0.9180380020879014, 1.0]\n",
      "[1.0, 0.9370829626919976, 0.937189950813056, 0.9370829626919976, 1.0, 0.9998858415831652, 0.937189950813056, 0.9998858415831652, 1.0]\n",
      "[1.0, 0.976890299869234, 0.9429247926133995, 0.976890299869234, 1.0, 0.9652309913811395, 0.9429247926133995, 0.9652309913811395, 1.0]\n",
      "[1.0, 0.7985107611018327, 0.8364768951866237, 0.7985107611018327, 1.0, 0.9546118556253482, 0.8364768951866237, 0.9546118556253482, 1.0]\n",
      "[1.0, 0.8821493639960544, 0.9901638867686123, 0.8821493639960544, 1.0, 0.8909124800288747, 0.9901638867686123, 0.8909124800288747, 1.0]\n",
      "[1.0, 0.9437813844187618, 0.9944732847346576, 0.9437813844187618, 1.0, 0.9385653734343485, 0.9944732847346576, 0.9385653734343485, 1.0]\n",
      "[1.0, 0.9864538962878583, 0.9782466522536576, 0.9864538962878583, 1.0, 0.9916800531022427, 0.9782466522536576, 0.9916800531022427, 1.0]\n",
      "[1.0, 0.8147815116756502, 0.907449986050075, 0.8147815116756502, 1.0, 0.8978803506540456, 0.907449986050075, 0.8978803506540456, 1.0]\n",
      "[1.0, 0.9787199072688683, 0.8682828830345721, 0.9787199072688683, 1.0, 0.849805742766742, 0.8682828830345721, 0.849805742766742, 1.0]\n",
      "[1.0, 0.965581518282399, 0.9564755248442354, 0.965581518282399, 1.0, 0.9235550894790512, 0.9564755248442354, 0.9235550894790512, 1.0]\n",
      "[1.0, 0.7502131172454027, 0.8159850997841698, 0.7502131172454027, 1.0, 0.9193956083803935, 0.8159850997841698, 0.9193956083803935, 1.0]\n",
      "[1.0, 0.9827614471993589, 0.8908069691170927, 0.9827614471993589, 1.0, 0.8754507461447886, 0.8908069691170927, 0.8754507461447886, 1.0]\n",
      "[1.0, 0.7805995317140514, 0.8387733524272633, 0.7805995317140514, 1.0, 0.9306441715811942, 0.8387733524272633, 0.9306441715811942, 1.0]\n",
      "[1.0, 0.8785005067425684, 0.9766680515031863, 0.8785005067425684, 1.0, 0.8994872980543097, 0.9766680515031863, 0.8994872980543097, 1.0]\n",
      "[1.0, 0.9865992203423722, 0.9307717734248, 0.9865992203423722, 1.0, 0.9182987059775949, 0.9307717734248, 0.9182987059775949, 1.0]\n",
      "[1.0, 0.9135986707791175, 0.965703795733215, 0.9135986707791175, 1.0, 0.8822657041482136, 0.965703795733215, 0.8822657041482136, 1.0]\n",
      "[1.0, 0.7728533821877452, 0.8843291082732331, 0.7728533821877452, 1.0, 0.8739431677159665, 0.8843291082732331, 0.8739431677159665, 1.0]\n",
      "[1.0, 0.9970600806603492, 0.868028423194544, 0.9970600806603492, 1.0, 0.8654764896458279, 0.868028423194544, 0.8654764896458279, 1.0]\n",
      "[1.0, 0.9516206688357216, 0.9582874691678169, 0.9516206688357216, 1.0, 0.9119261623463689, 0.9582874691678169, 0.9119261623463689, 1.0]\n",
      "[1.0, 0.8949278505750056, 0.9901457608981383, 0.8949278505750056, 1.0, 0.9038344513672787, 0.9901457608981383, 0.9038344513672787, 1.0]\n",
      "[1.0, 0.8914090769187707, 0.8850147957538353, 0.8914090769187707, 1.0, 0.9928267713101625, 0.8850147957538353, 0.9928267713101625, 1.0]\n",
      "[1.0, 0.8668854059866433, 0.8855905483559968, 0.8668854059866433, 1.0, 0.9788783401041513, 0.8855905483559968, 0.9788783401041513, 1.0]\n",
      "[1.0, 0.8776219757164196, 0.8645541807964456, 0.8776219757164196, 1.0, 0.9851099957822883, 0.8645541807964456, 0.9851099957822883, 1.0]\n",
      "[1.0, 0.9621305181870652, 0.9904781090314165, 0.9621305181870652, 1.0, 0.9529692162953413, 0.9904781090314165, 0.9529692162953413, 1.0]\n",
      "[1.0, 0.9675474378743911, 0.9484070295875412, 0.9675474378743911, 1.0, 0.9176287915394874, 0.9484070295875412, 0.9176287915394874, 1.0]\n",
      "[1.0, 0.9812934001067259, 0.8861245413121187, 0.9812934001067259, 1.0, 0.8695481640621818, 0.8861245413121187, 0.8695481640621818, 1.0]\n",
      "[1.0, 0.8081421291398176, 0.8653048756843486, 0.8081421291398176, 1.0, 0.9339391835746652, 0.8653048756843486, 0.9339391835746652, 1.0]\n",
      "[1.0, 0.7657093916006944, 0.8826682031291571, 0.7657093916006944, 1.0, 0.8674940242394247, 0.8826682031291571, 0.8674940242394247, 1.0]\n",
      "[1.0, 0.9630167207547045, 0.9900965068130426, 0.9630167207547045, 1.0, 0.9534794912217841, 0.9900965068130426, 0.9534794912217841, 1.0]\n",
      "[1.0, 0.7825918205329705, 0.8039263970696121, 0.7825918205329705, 1.0, 0.9734620276005265, 0.8039263970696121, 0.9734620276005265, 1.0]\n",
      "[1.0, 0.9089671691842346, 0.9859196066651407, 0.9089671691842346, 1.0, 0.9219485676512748, 0.9859196066651407, 0.9219485676512748, 1.0]\n",
      "[1.0, 0.7132404172930207, 0.8092743587773267, 0.7132404172930207, 1.0, 0.8813332704258706, 0.8092743587773267, 0.8813332704258706, 1.0]\n",
      "[1.0, 0.8653023392577291, 0.8877083849837268, 0.8653023392577291, 1.0, 0.9747596777218585, 0.8877083849837268, 0.9747596777218585, 1.0]\n",
      "[1.0, 0.8056004705862883, 0.8599715193341609, 0.8056004705862883, 1.0, 0.9367757564925291, 0.8599715193341609, 0.9367757564925291, 1.0]\n",
      "[1.0, 0.6471824953608667, 0.7019089533836745, 0.6471824953608667, 1.0, 0.9220319704443298, 0.7019089533836745, 0.9220319704443298, 1.0]\n",
      "[1.0, 0.8965318947454163, 0.9500403070563112, 0.8965318947454163, 1.0, 0.9436777451298985, 0.9500403070563112, 0.9436777451298985, 1.0]\n",
      "[1.0, 0.941688247743793, 0.9956285185244979, 0.941688247743793, 1.0, 0.937571675013083, 0.9956285185244979, 0.937571675013083, 1.0]\n",
      "[1.0, 0.9549003381026158, 0.9515979030772763, 0.9549003381026158, 1.0, 0.9086811593862313, 0.9515979030772763, 0.9086811593862313, 1.0]\n",
      "[1.0, 0.8167217694699359, 0.9033985358981896, 0.8167217694699359, 1.0, 0.9040547853643833, 0.9033985358981896, 0.9040547853643833, 1.0]\n",
      "[1.0, 0.8388949119301933, 0.9446007457388169, 0.8388949119301933, 1.0, 0.8880946957902875, 0.9446007457388169, 0.8880946957902875, 1.0]\n",
