{
 "cells": [
  {
   "cell_type": "code",
   "execution_count": 2,
   "id": "1f075ada-6f7d-4d8c-8117-0867f6e2fc3c",
   "metadata": {},
   "outputs": [
    {
     "name": "stderr",
     "output_type": "stream",
     "text": [
      "C:\\Users\\STUDENT018\\AppData\\Local\\Temp\\ipykernel_7064\\3798086866.py:189: FutureWarning: Setting an item of incompatible dtype is deprecated and will raise in a future error of pandas. Value '0.1' has dtype incompatible with int64, please explicitly cast to a compatible dtype first.\n",
      "  df_Anchor.loc[i] = list\n"
     ]
    },
    {
     "name": "stdout",
     "output_type": "stream",
     "text": [
      "[1.0, 0.9662847468625545, 0.8238361856266255, 0.9662847468625545, 1.0, 0.8525811757885576, 0.8238361856266255, 0.8525811757885576, 1.0]\n",
      "[1.0, 0.9543532905510201, 0.9137029968401993, 0.9543532905510201, 1.0, 0.8719954616207726, 0.9137029968401993, 0.8719954616207726, 1.0]\n",
      "[1.0, 0.7439180248174612, 0.6459458419593098, 0.7439180248174612, 1.0, 0.8683024478642102, 0.6459458419593098, 0.8683024478642102, 1.0]\n",
      "[1.0, 0.9617460618124746, 0.9041369304454926, 0.9617460618124746, 1.0, 0.8695501321951717, 0.9041369304454926, 0.8695501321951717, 1.0]\n",
      "[1.0, 0.9122640194427893, 0.9384120478842523, 0.9122640194427893, 1.0, 0.8560795466964273, 0.9384120478842523, 0.8560795466964273, 1.0]\n",
      "[1.0, 0.924199545310624, 0.9725742022384517, 0.924199545310624, 1.0, 0.8988526354896199, 0.9725742022384517, 0.8988526354896199, 1.0]\n",
      "[1.0, 0.950415804442587, 0.9113882324679741, 0.950415804442587, 1.0, 0.866197780120557, 0.9113882324679741, 0.866197780120557, 1.0]\n",
      "[1.0, 0.9916034626277636, 0.8684339697633432, 0.9916034626277636, 1.0, 0.8611421314809057, 0.8684339697633432, 0.8611421314809057, 1.0]\n",
      "[1.0, 0.9441840571175398, 0.9257630410392096, 0.9441840571175398, 1.0, 0.8740907040178725, 0.9257630410392096, 0.8740907040178725, 1.0]\n",
      "[1.0, 0.9257133700627433, 0.9207407893888959, 0.9257133700627433, 1.0, 0.8523420590994254, 0.9207407893888959, 0.8523420590994254, 1.0]\n",
      "[1.0, 0.9066171649140962, 0.9561152023606933, 0.9066171649140962, 1.0, 0.8668304540955191, 0.9561152023606933, 0.8668304540955191, 1.0]\n",
      "[1.0, 0.9879745719197902, 0.8343736797120039, 0.9879745719197902, 1.0, 0.844529508579036, 0.8343736797120039, 0.844529508579036, 1.0]\n",
      "[1.0, 0.987202720268392, 0.8397612296820574, 0.987202720268392, 1.0, 0.8506471998514656, 0.8397612296820574, 0.8506471998514656, 1.0]\n",
      "[1.0, 0.9848895538900586, 0.8598732442804705, 0.9848895538900586, 1.0, 0.873065655823228, 0.8598732442804705, 0.873065655823228, 1.0]\n",
      "[1.0, 0.9375044650478704, 0.7982111725166453, 0.9375044650478704, 1.0, 0.8514211956055989, 0.7982111725166453, 0.8514211956055989, 1.0]\n",
      "[1.0, 0.7372778165391785, 0.6387404398362652, 0.7372778165391785, 1.0, 0.8663497334485757, 0.6387404398362652, 0.8663497334485757, 1.0]\n",
      "[1.0, 0.9376178014530994, 0.9326361966333007, 0.9376178014530994, 1.0, 0.8744563002428958, 0.9326361966333007, 0.8744563002428958, 1.0]\n",
      "[1.0, 0.9700348870356996, 0.9046327810447268, 0.9700348870356996, 1.0, 0.8775253575695123, 0.9046327810447268, 0.8775253575695123, 1.0]\n",
      "[1.0, 0.619475726312471, 0.5312329733198046, 0.619475726312471, 1.0, 0.8575525250715702, 0.5312329733198046, 0.8575525250715702, 1.0]\n",
      "[1.0, 0.6567299714854605, 0.5831612450399009, 0.6567299714854605, 1.0, 0.8879772057925814, 0.5831612450399009, 0.8879772057925814, 1.0]\n",
      "[1.0, 0.9195992392186998, 0.9614670605464937, 0.9195992392186998, 1.0, 0.8841643774123952, 0.9614670605464937, 0.8841643774123952, 1.0]\n",
      "[1.0, 0.9724771270418994, 0.8793652116869676, 0.9724771270418994, 1.0, 0.8551625546819339, 0.8793652116869676, 0.8551625546819339, 1.0]\n",
      "[1.0, 0.9840012804672995, 0.8805764714761755, 0.9840012804672995, 1.0, 0.8664883754819331, 0.8805764714761755, 0.8664883754819331, 1.0]\n",
      "[1.0, 0.897963583934214, 0.9870356133365871, 0.897963583934214, 1.0, 0.8863220368224269, 0.9870356133365871, 0.8863220368224269, 1.0]\n",
      "[1.0, 0.9421971516252557, 0.9045777696801871, 0.9421971516252557, 1.0, 0.8522905980161989, 0.9045777696801871, 0.8522905980161989, 1.0]\n",
      "[1.0, 0.9598432862069568, 0.8909467827328507, 0.9598432862069568, 1.0, 0.855169287773815, 0.8909467827328507, 0.855169287773815, 1.0]\n",
      "[1.0, 0.9406509899929675, 0.9272942237603952, 0.9406509899929675, 1.0, 0.8722602295949761, 0.9272942237603952, 0.8722602295949761, 1.0]\n",
      "[1.0, 0.9738409281546287, 0.8332875144683108, 0.9738409281546287, 1.0, 0.8556710756112311, 0.8332875144683108, 0.8556710756112311, 1.0]\n",
      "[1.0, 0.946158529041025, 0.8213556510239527, 0.946158529041025, 1.0, 0.868095172017774, 0.8213556510239527, 0.868095172017774, 1.0]\n",
      "[1.0, 0.9222244058165011, 0.9355214355626276, 0.9222244058165011, 1.0, 0.8627607000403442, 0.9355214355626276, 0.8627607000403442, 1.0]\n",
      "[1.0, 0.6488224375146804, 0.5740735052476418, 0.6488224375146804, 1.0, 0.8847929295519357, 0.5740735052476418, 0.8847929295519357, 1.0]\n",
      "[1.0, 0.9992549306812534, 0.85466652390373, 0.9992549306812534, 1.0, 0.8540297380990095, 0.85466652390373, 0.8540297380990095, 1.0]\n",
      "[1.0, 0.9830288393624529, 0.8631534278516958, 0.9830288393624529, 1.0, 0.8485047123727752, 0.8631534278516958, 0.8485047123727752, 1.0]\n",
      "[1.0, 0.9228364975971448, 0.9177841832533796, 0.9228364975971448, 1.0, 0.846964741223605, 0.9177841832533796, 0.846964741223605, 1.0]\n",
      "[1.0, 0.6080923944613033, 0.516738650725948, 0.6080923944613033, 1.0, 0.8497699616580738, 0.516738650725948, 0.8497699616580738, 1.0]\n",
      "[1.0, 0.9745556119794972, 0.8818661745203616, 0.9745556119794972, 1.0, 0.8594276293937091, 0.8818661745203616, 0.8594276293937091, 1.0]\n",
      "[1.0, 0.9289796271276803, 0.7989839023313465, 0.9289796271276803, 1.0, 0.8600661187821, 0.7989839023313465, 0.8600661187821, 1.0]\n",
      "[1.0, 0.947305875591265, 0.8095257320744558, 0.947305875591265, 1.0, 0.8545558018091958, 0.8095257320744558, 0.8545558018091958, 1.0]\n",
      "[1.0, 0.9936103754121327, 0.8718096069441417, 0.9936103754121327, 1.0, 0.8662390708436725, 0.8718096069441417, 0.8662390708436725, 1.0]\n",
      "[1.0, 0.9311289307133973, 0.9285753182701725, 0.9311289307133973, 1.0, 0.8646233431877582, 0.9285753182701725, 0.8646233431877582, 1.0]\n",
      "[1.0, 0.9319573239772125, 0.972162719168135, 0.9319573239772125, 1.0, 0.9060141662263456, 0.972162719168135, 0.9060141662263456, 1.0]\n",
      "[1.0, 0.998973795191355, 0.8597250285231803, 0.998973795191355, 1.0, 0.8588427745647975, 0.8597250285231803, 0.8588427745647975, 1.0]\n",
      "[1.0, 0.9719310341604408, 0.8858625055860064, 0.9719310341604408, 1.0, 0.8609972611781666, 0.8858625055860064, 0.8609972611781666, 1.0]\n",
      "[1.0, 0.9368858205465896, 0.7960894063217941, 0.9368858205465896, 1.0, 0.8497187051644637, 0.7960894063217941, 0.8497187051644637, 1.0]\n",
      "[1.0, 0.9145806958902181, 0.9475883003575457, 0.9145806958902181, 1.0, 0.8666459671584332, 0.9475883003575457, 0.8666459671584332, 1.0]\n",
      "[1.0, 0.6383307880930376, 0.567278674247863, 0.6383307880930376, 1.0, 0.8886907616387468, 0.567278674247863, 0.8886907616387468, 1.0]\n",
      "[1.0, 0.9965215511060617, 0.8563351638039064, 0.9965215511060617, 1.0, 0.8533564457005323, 0.8563351638039064, 0.8533564457005323, 1.0]\n",
      "[1.0, 0.998718805711231, 0.8540231759540219, 0.998718805711231, 1.0, 0.8551187492117313, 0.8540231759540219, 0.8551187492117313, 1.0]\n",
      "[1.0, 0.9057879855826, 0.9401110080929526, 0.9057879855826, 1.0, 0.8515412562445428, 0.9401110080929526, 0.8515412562445428, 1.0]\n",
      "[1.0, 0.6130957673973798, 0.535245600295185, 0.6130957673973798, 1.0, 0.8730211962925917, 0.535245600295185, 0.8730211962925917, 1.0]\n",
      "[1.0, 0.9493989205133418, 0.896519306869967, 0.9493989205133418, 1.0, 0.8511544621617161, 0.896519306869967, 0.8511544621617161, 1.0]\n",
      "[1.0, 0.9501127848916398, 0.8990495390894898, 0.9501127848916398, 1.0, 0.8541984613398603, 0.8990495390894898, 0.8541984613398603, 1.0]\n",
      "[1.0, 0.9481033470140634, 0.9086353290508933, 0.9481033470140634, 1.0, 0.8614801966883767, 0.9086353290508933, 0.8614801966883767, 1.0]\n",
      "[1.0, 0.9447927372685783, 0.9161705979994724, 0.9447927372685783, 1.0, 0.8655913270889118, 0.9161705979994724, 0.8655913270889118, 1.0]\n",
      "[1.0, 0.9824318170008954, 0.8617964810918207, 0.9824318170008954, 1.0, 0.8772074216027098, 0.8617964810918207, 0.8772074216027098, 1.0]\n",
      "[1.0, 0.9073986334602134, 0.9402599386627816, 0.9073986334602134, 1.0, 0.853190583439992, 0.9402599386627816, 0.853190583439992, 1.0]\n",
      "[1.0, 0.9337667448747902, 0.8058965679123872, 0.9337667448747902, 1.0, 0.8630598298084076, 0.8058965679123872, 0.8630598298084076, 1.0]\n",
      "[1.0, 0.6105145991207518, 0.5241080089693361, 0.6105145991207518, 1.0, 0.8584692482770168, 0.5241080089693361, 0.8584692482770168, 1.0]\n",
      "[1.0, 0.7065745246559093, 0.6076593111576039, 0.7065745246559093, 1.0, 0.8600073876899601, 0.6076593111576039, 0.8600073876899601, 1.0]\n",
      "[1.0, 0.8420712374118579, 0.7126981202650756, 0.8420712374118579, 1.0, 0.8463632156058245, 0.7126981202650756, 0.8463632156058245, 1.0]\n",
      "[1.0, 0.9792725065533794, 0.8864713844644514, 0.9792725065533794, 1.0, 0.8680970546523478, 0.8864713844644514, 0.8680970546523478, 1.0]\n",
      "[1.0, 0.8515667627099797, 0.7420657041019926, 0.8515667627099797, 1.0, 0.8714122445790194, 0.7420657041019926, 0.8714122445790194, 1.0]\n",
      "[1.0, 0.9515947353306604, 0.8205438627142894, 0.9515947353306604, 1.0, 0.8622828944394765, 0.8205438627142894, 0.8622828944394765, 1.0]\n",
      "[1.0, 0.9599394464854369, 0.8887716713098623, 0.9599394464854369, 1.0, 0.8531669862091259, 0.8887716713098623, 0.8531669862091259, 1.0]\n",
      "[1.0, 0.5900322800264767, 0.5210848565706969, 0.5900322800264767, 1.0, 0.8831463535305462, 0.5210848565706969, 0.8831463535305462, 1.0]\n",
      "[1.0, 0.5885011048338228, 0.5383659864964346, 0.5885011048338228, 1.0, 0.9148087948763579, 0.5383659864964346, 0.9148087948763579, 1.0]\n",
      "[1.0, 0.951269711086174, 0.9195899105755139, 0.951269711086174, 1.0, 0.8747780285509297, 0.9195899105755139, 0.8747780285509297, 1.0]\n",
      "[1.0, 0.6344850584883195, 0.5609771015996775, 0.6344850584883195, 1.0, 0.8841454878956851, 0.5609771015996775, 0.8841454878956851, 1.0]\n",
      "[1.0, 0.9428607787311122, 0.8974220809170987, 0.9428607787311122, 1.0, 0.8461440820639909, 0.8974220809170987, 0.8461440820639909, 1.0]\n",
      "[1.0, 0.9375469064721478, 0.9135544010985995, 0.9375469064721478, 1.0, 0.8565001026440077, 0.9135544010985995, 0.8565001026440077, 1.0]\n",
      "[1.0, 0.8721760068191158, 0.7445833007564668, 0.8721760068191158, 1.0, 0.8537076174246204, 0.7445833007564668, 0.8537076174246204, 1.0]\n",
      "[1.0, 0.9093956628304186, 0.9534641821058861, 0.9093956628304186, 1.0, 0.8670761918712453, 0.9534641821058861, 0.8670761918712453, 1.0]\n",
      "[1.0, 0.986658094051225, 0.8596205552937055, 0.986658094051225, 1.0, 0.8712446190595746, 0.8596205552937055, 0.8712446190595746, 1.0]\n",
      "[1.0, 0.5801832155949955, 0.5060884548868197, 0.5801832155949955, 1.0, 0.872290754512453, 0.5060884548868197, 0.872290754512453, 1.0]\n",
      "[1.0, 0.9365002329289959, 0.9375388838826135, 0.9365002329289959, 1.0, 0.8780053831360584, 0.9375388838826135, 0.8780053831360584, 1.0]\n",
      "[1.0, 0.882504960175884, 0.7519117836377691, 0.882504960175884, 1.0, 0.852019895149272, 0.7519117836377691, 0.852019895149272, 1.0]\n",
      "[1.0, 0.7707024648228646, 0.6650335042604713, 0.7707024648228646, 1.0, 0.8628926656064608, 0.6650335042604713, 0.8628926656064608, 1.0]\n",
      "[1.0, 0.9818288995785639, 0.9099802152385802, 0.9818288995785639, 1.0, 0.8934448733659599, 0.9099802152385802, 0.8934448733659599, 1.0]\n",
      "[1.0, 0.7010537063097736, 0.6312502025272445, 0.7010537063097736, 1.0, 0.9004305901897834, 0.6312502025272445, 0.9004305901897834, 1.0]\n",
      "[1.0, 0.9496171555006513, 0.8271612048299908, 0.9496171555006513, 1.0, 0.8710470319945937, 0.8271612048299908, 0.8710470319945937, 1.0]\n",
      "[1.0, 0.9213398688737608, 0.9343926400751813, 0.9213398688737608, 1.0, 0.8608931924834746, 0.9343926400751813, 0.8608931924834746, 1.0]\n",
      "[1.0, 0.9806053551415759, 0.860126786551128, 0.9806053551415759, 1.0, 0.8771385777583749, 0.860126786551128, 0.8771385777583749, 1.0]\n",
      "[1.0, 0.9919891411883768, 0.8738045797519524, 0.9919891411883768, 1.0, 0.8668046546346097, 0.8738045797519524, 0.8668046546346097, 1.0]\n",
      "[1.0, 0.9406693993506922, 0.9026253383994131, 0.9406693993506922, 1.0, 0.8490720349108911, 0.9026253383994131, 0.8490720349108911, 1.0]\n",
      "[1.0, 0.6964965399977723, 0.5962294719944694, 0.6964965399977723, 1.0, 0.8560408239736216, 0.5962294719944694, 0.8560408239736216, 1.0]\n",
      "[1.0, 0.8257317791306029, 0.7062429973950386, 0.8257317791306029, 1.0, 0.855293468465787, 0.7062429973950386, 0.855293468465787, 1.0]\n",
      "[1.0, 0.9484682036779631, 0.909177268619028, 0.9484682036779631, 1.0, 0.8623257307919265, 0.909177268619028, 0.8623257307919265, 1.0]\n",
      "[1.0, 0.6924688025979506, 0.5978744737075823, 0.6924688025979506, 1.0, 0.8633955370473345, 0.5978744737075823, 0.8633955370473345, 1.0]\n",
      "[1.0, 0.9252666608051906, 0.916404901792353, 0.9252666608051906, 1.0, 0.8479189034269191, 0.916404901792353, 0.8479189034269191, 1.0]\n",
      "[1.0, 0.8448144679875905, 0.7296901874259464, 0.8448144679875905, 1.0, 0.8637283274327929, 0.7296901874259464, 0.8637283274327929, 1.0]\n",
      "[1.0, 0.9661605289497417, 0.8895120138551244, 0.9661605289497417, 1.0, 0.8594113978134169, 0.8895120138551244, 0.8594113978134169, 1.0]\n",
      "[1.0, 0.869165103243937, 0.7502399219407098, 0.869165103243937, 1.0, 0.8631730831583444, 0.7502399219407098, 0.8631730831583444, 1.0]\n",
      "[1.0, 0.9363809622399472, 0.8001782388140479, 0.9363809622399472, 1.0, 0.8545434722422331, 0.8001782388140479, 0.8545434722422331, 1.0]\n",
      "[1.0, 0.9410995460814046, 0.8147287104917867, 0.9410995460814046, 1.0, 0.8657200121753253, 0.8147287104917867, 0.8657200121753253, 1.0]\n",
      "[1.0, 0.7487199131293877, 0.6535042304446024, 0.7487199131293877, 1.0, 0.8728287026762558, 0.6535042304446024, 0.8728287026762558, 1.0]\n",
      "[1.0, 0.9558787048317032, 0.8914274568737182, 0.9558787048317032, 1.0, 0.8520965229278687, 0.8914274568737182, 0.8520965229278687, 1.0]\n",
      "[1.0, 0.9713238162969181, 0.8211372374224195, 0.9713238162969181, 1.0, 0.8453794951233967, 0.8211372374224195, 0.8453794951233967, 1.0]\n",
      "[1.0, 0.9832589962083422, 0.849129735686543, 0.9832589962083422, 1.0, 0.8635870497610189, 0.849129735686543, 0.8635870497610189, 1.0]\n",
      "[1.0, 0.9513387481733927, 0.9301896288466512, 0.9513387481733927, 1.0, 0.8849254370708459, 0.9301896288466512, 0.8849254370708459, 1.0]\n",
      "[1.0, 0.7143501364772014, 0.612591099136108, 0.7143501364772014, 1.0, 0.8575501954224921, 0.612591099136108, 0.8575501954224921, 1.0]\n",
      "[1.0, 0.9446431153128503, 0.9484404454954303, 0.9446431153128503, 1.0, 0.8959377371215109, 0.9484404454954303, 0.8959377371215109, 1.0]\n",
      "[1.0, 0.751971281108273, 0.6427935705980873, 0.751971281108273, 1.0, 0.8548113295639733, 0.6427935705980873, 0.8548113295639733, 1.0]\n",
      "[1.0, 0.9208956972248591, 0.9242256482478578, 0.9208956972248591, 1.0, 0.8511154227363085, 0.9242256482478578, 0.8511154227363085, 1.0]\n",
      "[1.0, 0.9006540319991634, 0.7736850920203371, 0.9006540319991634, 1.0, 0.8590258462541983, 0.7736850920203371, 0.8590258462541983, 1.0]\n",
      "[1.0, 0.6189161552048137, 0.5356717621172197, 0.6189161552048137, 1.0, 0.865499724982867, 0.5356717621172197, 0.865499724982867, 1.0]\n",
      "[1.0, 0.9384129621195154, 0.9352724383432193, 0.9384129621195154, 1.0, 0.8776717792544023, 0.9352724383432193, 0.8776717792544023, 1.0]\n",
      "[1.0, 0.9643775471659981, 0.8772225820056584, 0.9643775471659981, 1.0, 0.8459737619532405, 0.8772225820056584, 0.8459737619532405, 1.0]\n",
      "[1.0, 0.9170942365160347, 0.7888954523990742, 0.9170942365160347, 1.0, 0.8602119836626855, 0.7888954523990742, 0.8602119836626855, 1.0]\n",
      "[1.0, 0.6149883501839886, 0.5395773307988982, 0.6149883501839886, 1.0, 0.877378133484107, 0.5395773307988982, 0.877378133484107, 1.0]\n",
      "[1.0, 0.9615547697952905, 0.8957118917936634, 0.9615547697952905, 1.0, 0.8612760419165603, 0.8957118917936634, 0.8612760419165603, 1.0]\n",
      "[1.0, 0.9646073075817683, 0.8890036042686038, 0.9646073075817683, 1.0, 0.8575393731440257, 0.8890036042686038, 0.8575393731440257, 1.0]\n",
      "[1.0, 0.9385465328169318, 0.9231051608629006, 0.9385465328169318, 1.0, 0.8663771481532914, 0.9231051608629006, 0.8663771481532914, 1.0]\n",
      "[1.0, 0.9379813647616664, 0.9167325653257986, 0.9379813647616664, 1.0, 0.8598780627457561, 0.9167325653257986, 0.8598780627457561, 1.0]\n",
      "[1.0, 0.6873372058316986, 0.5987104437126132, 0.6873372058316986, 1.0, 0.8710578135926101, 0.5987104437126132, 0.8710578135926101, 1.0]\n",
      "[1.0, 0.5963019327844634, 0.5181039141092827, 0.5963019327844634, 1.0, 0.8688617051599499, 0.5181039141092827, 0.8688617051599499, 1.0]\n",
      "[1.0, 0.9457109652289104, 0.9100103114936243, 0.9457109652289104, 1.0, 0.8606067300508968, 0.9100103114936243, 0.8606067300508968, 1.0]\n",
      "[1.0, 0.926149286070568, 0.9287390763199428, 0.926149286070568, 1.0, 0.8601510324795537, 0.9287390763199428, 0.8601510324795537, 1.0]\n",
      "[1.0, 0.999014056808417, 0.8599041594873019, 0.999014056808417, 1.0, 0.8590563428358415, 0.8599041594873019, 0.8590563428358415, 1.0]\n",
      "[1.0, 0.9631420935906972, 0.9043410256620023, 0.9631420935906972, 1.0, 0.8710089087760593, 0.9043410256620023, 0.8710089087760593, 1.0]\n",
      "[1.0, 0.9875726189945067, 0.8439213734537088, 0.9875726189945067, 1.0, 0.854541081052798, 0.8439213734537088, 0.854541081052798, 1.0]\n",
      "[1.0, 0.9745947784564282, 0.8830562547881894, 0.9745947784564282, 1.0, 0.8606220149998587, 0.8830562547881894, 0.8606220149998587, 1.0]\n",
      "[1.0, 0.9141642959954247, 0.9474886768869115, 0.9141642959954247, 1.0, 0.86616031926996, 0.9474886768869115, 0.86616031926996, 1.0]\n",
      "[1.0, 0.989258692876664, 0.8608032195718618, 0.989258692876664, 1.0, 0.8515570678176839, 0.8608032195718618, 0.8515570678176839, 1.0]\n",
      "[1.0, 0.9504666976231048, 0.9003369695227155, 0.9504666976231048, 1.0, 0.8557403061702492, 0.9003369695227155, 0.8557403061702492, 1.0]\n",
      "[1.0, 0.9597052046704783, 0.8238518760296917, 0.9597052046704783, 1.0, 0.8584426467839852, 0.8238518760296917, 0.8584426467839852, 1.0]\n",
      "[1.0, 0.5954629269038565, 0.517060251126051, 0.5954629269038565, 1.0, 0.8683332374939533, 0.517060251126051, 0.8683332374939533, 1.0]\n",
      "[1.0, 0.6556746224021572, 0.5589022840287882, 0.6556746224021572, 1.0, 0.8524079855053261, 0.5589022840287882, 0.8524079855053261, 1.0]\n",
      "[1.0, 0.9421652649976533, 0.9125328018114753, 0.9421652649976533, 1.0, 0.8597567090377597, 0.9125328018114753, 0.8597567090377597, 1.0]\n",
      "[1.0, 0.9764270277793745, 0.8296040816702559, 0.9764270277793745, 1.0, 0.8496324436624532, 0.8296040816702559, 0.8496324436624532, 1.0]\n",
      "[1.0, 0.9977319269518444, 0.8533368710566035, 0.9977319269518444, 1.0, 0.8552767010910636, 0.8533368710566035, 0.8552767010910636, 1.0]\n",
      "[1.0, 0.8164617529985729, 0.7203639016300323, 0.8164617529985729, 1.0, 0.8822996288367366, 0.7203639016300323, 0.8822996288367366, 1.0]\n",
      "[1.0, 0.797912658036314, 0.6859431134136998, 0.797912658036314, 1.0, 0.8596719283810156, 0.6859431134136998, 0.8596719283810156, 1.0]\n",
      "[1.0, 0.9345391907320783, 0.912678713406435, 0.9345391907320783, 1.0, 0.8529340262252443, 0.912678713406435, 0.8529340262252443, 1.0]\n",
      "[1.0, 0.8527634354423984, 0.7426050304759086, 0.8527634354423984, 1.0, 0.8708218476682908, 0.7426050304759086, 0.8708218476682908, 1.0]\n",
      "[1.0, 0.9940021650517132, 0.8637059461506306, 0.9940021650517132, 1.0, 0.8585255804417653, 0.8637059461506306, 0.8585255804417653, 1.0]\n",
      "[1.0, 0.9528118481820406, 0.8979408049027915, 0.9528118481820406, 1.0, 0.8555686378774978, 0.8979408049027915, 0.8555686378774978, 1.0]\n",
      "[1.0, 0.919014593553788, 0.7987392402711238, 0.919014593553788, 1.0, 0.8691257417169351, 0.7987392402711238, 0.8691257417169351, 1.0]\n",
      "[1.0, 0.9955681484920099, 0.8544937183042611, 0.9955681484920099, 1.0, 0.8507067290302264, 0.8544937183042611, 0.8507067290302264, 1.0]\n",
      "[1.0, 0.9889927043763979, 0.8744661383831784, 0.9889927043763979, 1.0, 0.8648406310851651, 0.8744661383831784, 0.8648406310851651, 1.0]\n",
      "[1.0, 0.5413056862919401, 0.47274367954082985, 0.5413056862919401, 1.0, 0.8733395778256559, 0.47274367954082985, 0.8733395778256559, 1.0]\n",
      "[1.0, 0.6213494646666946, 0.5405360869930941, 0.6213494646666946, 1.0, 0.8699389276581246, 0.5405360869930941, 0.8699389276581246, 1.0]\n",
      "[1.0, 0.8830731673411457, 0.7552632073707121, 0.8830731673411457, 1.0, 0.8552668513807773, 0.7552632073707121, 0.8552668513807773, 1.0]\n",
      "[1.0, 0.6717808608858648, 0.5871964447255289, 0.6717808608858648, 1.0, 0.8740892736229551, 0.5871964447255289, 0.8740892736229551, 1.0]\n",
      "[1.0, 0.796313593011835, 0.6788636571806806, 0.796313593011835, 1.0, 0.8525079354894186, 0.6788636571806806, 0.8525079354894186, 1.0]\n",
      "[1.0, 0.9311520515110326, 0.918128837896885, 0.9311520515110326, 1.0, 0.8549175509591249, 0.918128837896885, 0.8549175509591249, 1.0]\n",
      "[1.0, 0.9865970206370185, 0.883125698226241, 0.9865970206370185, 1.0, 0.871289182717996, 0.883125698226241, 0.871289182717996, 1.0]\n",
      "[1.0, 0.9838531734362973, 0.8748127559379247, 0.9838531734362973, 1.0, 0.8606873060920803, 0.8748127559379247, 0.8606873060920803, 1.0]\n",
      "[1.0, 0.9516958898730465, 0.8183897030584378, 0.9516958898730465, 1.0, 0.8599277476837781, 0.8183897030584378, 0.8599277476837781, 1.0]\n",
      "[1.0, 0.9452591523435536, 0.9263976021217719, 0.9452591523435536, 1.0, 0.8756858121147267, 0.9263976021217719, 0.8756858121147267, 1.0]\n",
      "[1.0, 0.7666395630789634, 0.6510630719056909, 0.7666395630789634, 1.0, 0.8492427253439722, 0.6510630719056909, 0.8492427253439722, 1.0]\n",
      "[1.0, 0.9545763378217313, 0.9126709235536028, 0.9545763378217313, 1.0, 0.8712140678421756, 0.9126709235536028, 0.8712140678421756, 1.0]\n",
      "[1.0, 0.8938488784546407, 0.7703201489355438, 0.8938488784546407, 1.0, 0.8618013262681902, 0.7703201489355438, 0.8618013262681902, 1.0]\n",
      "[1.0, 0.9306324167208254, 0.797308972914079, 0.9306324167208254, 1.0, 0.8567388784107427, 0.797308972914079, 0.8567388784107427, 1.0]\n",
      "[1.0, 0.9824019082397062, 0.8697329767574481, 0.9824019082397062, 1.0, 0.854427336025517, 0.8697329767574481, 0.854427336025517, 1.0]\n",
      "[1.0, 0.9492092125065207, 0.9268568152158473, 0.9492092125065207, 1.0, 0.8797810276773361, 0.9268568152158473, 0.8797810276773361, 1.0]\n",
      "[1.0, 0.8399173450817997, 0.7411679970783467, 0.8399173450817997, 1.0, 0.8824296836091226, 0.7411679970783467, 0.8824296836091226, 1.0]\n",
      "[1.0, 0.9507050589181236, 0.8239713550206854, 0.9507050589181236, 1.0, 0.866695035743622, 0.8239713550206854, 0.866695035743622, 1.0]\n",
      "[1.0, 0.9609940637351716, 0.8339216689261505, 0.9609940637351716, 1.0, 0.8677698441599954, 0.8339216689261505, 0.8677698441599954, 1.0]\n",
      "[1.0, 0.9302752723003264, 0.8049649401566348, 0.9302752723003264, 1.0, 0.8652975781740043, 0.8049649401566348, 0.8652975781740043, 1.0]\n",
      "[1.0, 0.6527051255081523, 0.5736048652470354, 0.6527051255081523, 1.0, 0.878811645305321, 0.5736048652470354, 0.878811645305321, 1.0]\n",
      "[1.0, 0.970062573682062, 0.8903030446993494, 0.970062573682062, 1.0, 0.8636496628980267, 0.8903030446993494, 0.8636496628980267, 1.0]\n",
      "[1.0, 0.8421280048662736, 0.7223477291104502, 0.8421280048662736, 1.0, 0.8577647637132743, 0.7223477291104502, 0.8577647637132743, 1.0]\n",
      "[1.0, 0.980360059529335, 0.8588529067646243, 0.980360059529335, 1.0, 0.8760586464293072, 0.8588529067646243, 0.8760586464293072, 1.0]\n",
      "[1.0, 0.9516911312743381, 0.909211381416958, 0.9516911312743381, 1.0, 0.8652884081482085, 0.909211381416958, 0.8652884081482085, 1.0]\n",
      "[1.0, 0.9521376217924112, 0.8091067172025489, 0.9521376217924112, 1.0, 0.849779169191314, 0.8091067172025489, 0.849779169191314, 1.0]\n",
      "[1.0, 0.9386659587919589, 0.9213637043223037, 0.9386659587919589, 1.0, 0.8648527449138063, 0.9213637043223037, 0.8648527449138063, 1.0]\n",
      "[1.0, 0.8928043913156826, 0.7779246220361928, 0.8928043913156826, 1.0, 0.8713270561873055, 0.7779246220361928, 0.8713270561873055, 1.0]\n",
      "[1.0, 0.9788369559724388, 0.8742773663957698, 0.9788369559724388, 1.0, 0.8557749959984359, 0.8742773663957698, 0.8557749959984359, 1.0]\n",
      "[1.0, 0.9667941291193063, 0.8948712079509502, 0.9667941291193063, 1.0, 0.8651562301648805, 0.8948712079509502, 0.8651562301648805, 1.0]\n",
      "[1.0, 0.969679476929327, 0.8274868636823557, 0.969679476929327, 1.0, 0.8533612223110557, 0.8274868636823557, 0.8533612223110557, 1.0]\n",
      "[1.0, 0.9295399258608342, 0.8056597231926043, 0.9295399258608342, 1.0, 0.8667295516612628, 0.8056597231926043, 0.8667295516612628, 1.0]\n",
      "[1.0, 0.9130512281956991, 0.938630558656727, 0.9130512281956991, 1.0, 0.8570177844035397, 0.938630558656727, 0.8570177844035397, 1.0]\n",
      "[1.0, 0.9475695861769085, 0.9127072371098999, 0.9475695861769085, 1.0, 0.8648536189688972, 0.9127072371098999, 0.8648536189688972, 1.0]\n",
      "[1.0, 0.9753573774381048, 0.830006186755455, 0.9753573774381048, 1.0, 0.8509764789348984, 0.830006186755455, 0.8509764789348984, 1.0]\n",
      "[1.0, 0.9255470363602367, 0.9384452731680448, 0.9255470363602367, 1.0, 0.8685752413669566, 0.9384452731680448, 0.8685752413669566, 1.0]\n",
      "[1.0, 0.9195940157199448, 0.7864921425043754, 0.9195940157199448, 1.0, 0.8552601790134914, 0.7864921425043754, 0.8552601790134914, 1.0]\n",
      "[1.0, 0.947046955068095, 0.9263841591204999, 0.947046955068095, 1.0, 0.877329297118387, 0.9263841591204999, 0.877329297118387, 1.0]\n",
      "[1.0, 0.9549883476690929, 0.8972846636696938, 0.9549883476690929, 1.0, 0.8568963983467387, 0.8972846636696938, 0.8568963983467387, 1.0]\n",
      "[1.0, 0.9850988617243049, 0.8730992176503634, 0.9850988617243049, 1.0, 0.886306188723131, 0.8730992176503634, 0.886306188723131, 1.0]\n",
      "[1.0, 0.767910064546573, 0.6738284761524388, 0.767910064546573, 1.0, 0.8774835846829453, 0.6738284761524388, 0.8774835846829453, 1.0]\n",
      "[1.0, 0.9055800147134774, 0.7675618168963101, 0.9055800147134774, 1.0, 0.8475913827881506, 0.7675618168963101, 0.8475913827881506, 1.0]\n",
      "[1.0, 0.8111319049026712, 0.7138936222788735, 0.8111319049026712, 1.0, 0.8801202590650588, 0.7138936222788735, 0.8801202590650588, 1.0]\n",
      "[1.0, 0.6227039428668487, 0.5340090893379221, 0.6227039428668487, 1.0, 0.8575649720144906, 0.5340090893379221, 0.8575649720144906, 1.0]\n",
      "[1.0, 0.9751186440119082, 0.8763458400612466, 0.9751186440119082, 1.0, 0.8545411672459993, 0.8763458400612466, 0.8545411672459993, 1.0]\n",
      "[1.0, 0.9184497034039618, 0.9455942860958537, 0.9184497034039618, 1.0, 0.8684807916052179, 0.9455942860958537, 0.8684807916052179, 1.0]\n",
      "[1.0, 0.9223974413758378, 0.9354043266522356, 0.9223974413758378, 1.0, 0.8628145575559105, 0.9354043266522356, 0.8628145575559105, 1.0]\n",
      "[1.0, 0.9427034432696485, 0.810647218549314, 0.9427034432696485, 1.0, 0.859917532217434, 0.810647218549314, 0.859917532217434, 1.0]\n",
      "[1.0, 0.9945718103566329, 0.8753432059423252, 0.9945718103566329, 1.0, 0.8705916770174372, 0.8753432059423252, 0.8705916770174372, 1.0]\n",
      "[1.0, 0.9778620550929593, 0.8839295018394402, 0.9778620550929593, 1.0, 0.8643611192260107, 0.8839295018394402, 0.8643611192260107, 1.0]\n",
      "[1.0, 0.888427354918714, 0.7656316088591536, 0.888427354918714, 1.0, 0.8617830198724628, 0.7656316088591536, 0.8617830198724628, 1.0]\n",
      "[1.0, 0.9788016536734665, 0.8345478627866731, 0.9788016536734665, 1.0, 0.8526220400778796, 0.8345478627866731, 0.8526220400778796, 1.0]\n",
      "[1.0, 0.9385329367816627, 0.9361329312346747, 0.9385329367816627, 1.0, 0.8785915891697056, 0.9361329312346747, 0.8785915891697056, 1.0]\n",
      "[1.0, 0.9996395072419777, 0.8610387828378617, 0.9996395072419777, 1.0, 0.8607283845922724, 0.8610387828378617, 0.8607283845922724, 1.0]\n",
      "[1.0, 0.8356986279403872, 0.7159877054033161, 0.8356986279403872, 1.0, 0.8567534772288624, 0.7159877054033161, 0.8567534772288624, 1.0]\n",
      "[1.0, 0.7910232336475662, 0.6959951193932605, 0.7910232336475662, 1.0, 0.8798668481378075, 0.6959951193932605, 0.8798668481378075, 1.0]\n",
      "[1.0, 0.9481193712362028, 0.8382562052203927, 0.9481193712362028, 1.0, 0.8841251752165286, 0.8382562052203927, 0.8841251752165286, 1.0]\n",
      "[1.0, 0.9133737087138786, 0.7767381682403237, 0.9133737087138786, 1.0, 0.850405656337589, 0.7767381682403237, 0.850405656337589, 1.0]\n",
      "[1.0, 0.9215620474204673, 0.9462490365109137, 0.9215620474204673, 1.0, 0.8720271994566423, 0.9462490365109137, 0.8720271994566423, 1.0]\n",
      "[1.0, 0.980987383856674, 0.8383503723349377, 0.980987383856674, 1.0, 0.8545985260677154, 0.8383503723349377, 0.8545985260677154, 1.0]\n",
      "[1.0, 0.9984622248616196, 0.8727215587646903, 0.9984622248616196, 1.0, 0.8740656752293696, 0.8727215587646903, 0.8740656752293696, 1.0]\n",
      "[1.0, 0.5198763343006046, 0.4471633315743095, 0.5198763343006046, 1.0, 0.8601340397152012, 0.4471633315743095, 0.8601340397152012, 1.0]\n",
      "[1.0, 0.8682833684675414, 0.7558760112073462, 0.8682833684675414, 1.0, 0.8705406997964429, 0.7558760112073462, 0.8705406997964429, 1.0]\n",
      "[1.0, 0.8803720071095397, 0.7604987557251275, 0.8803720071095397, 1.0, 0.8638379566633619, 0.7604987557251275, 0.8638379566633619, 1.0]\n",
      "[1.0, 0.956595678800637, 0.8355899684035324, 0.956595678800637, 1.0, 0.8735038082663937, 0.8355899684035324, 0.8735038082663937, 1.0]\n",
      "[1.0, 0.8257885486114634, 0.7185558775189573, 0.8257885486114634, 1.0, 0.8701451221710275, 0.7185558775189573, 0.8701451221710275, 1.0]\n",
      "[1.0, 0.9197801013449078, 0.8030535098046564, 0.9197801013449078, 1.0, 0.873092936703487, 0.8030535098046564, 0.873092936703487, 1.0]\n",
      "[1.0, 0.9585458780700432, 0.8899424995992484, 0.9585458780700432, 1.0, 0.8530507147102105, 0.8899424995992484, 0.8530507147102105, 1.0]\n",
      "[1.0, 0.8571026453156579, 0.7457852277883703, 0.8571026453156579, 1.0, 0.8701235865556207, 0.7457852277883703, 0.8701235865556207, 1.0]\n",
      "[1.0, 0.9347027459192165, 0.9182785669268371, 0.9347027459192165, 1.0, 0.8583174980252777, 0.9182785669268371, 0.8583174980252777, 1.0]\n",
      "[1.0, 0.9549377677756636, 0.8930104249466434, 0.9549377677756636, 1.0, 0.8527693817989446, 0.8930104249466434, 0.8527693817989446, 1.0]\n",
      "[1.0, 0.9986603358844264, 0.8709421011314593, 0.9986603358844264, 1.0, 0.8697753312518313, 0.8709421011314593, 0.8697753312518313, 1.0]\n",
      "[1.0, 0.9780852715526331, 0.8848890610114947, 0.9780852715526331, 1.0, 0.8654969575333824, 0.8848890610114947, 0.8654969575333824, 1.0]\n",
      "[1.0, 0.9871147630915924, 0.870615747320251, 0.9871147630915924, 1.0, 0.8593976571598393, 0.870615747320251, 0.8593976571598393, 1.0]\n",
      "[1.0, 0.7821744640641689, 0.6711524263998356, 0.7821744640641689, 1.0, 0.8580597516729656, 0.6711524263998356, 0.8580597516729656, 1.0]\n",
      "[1.0, 0.9298032716803922, 0.9202263799313453, 0.9298032716803922, 1.0, 0.8556294987467684, 0.9202263799313453, 0.8556294987467684, 1.0]\n",
      "[1.0, 0.9287999361547014, 0.923204692445673, 0.9287999361547014, 1.0, 0.8574724594012617, 0.923204692445673, 0.8574724594012617, 1.0]\n",
      "[1.0, 0.9452309779829218, 0.912431020708539, 0.9452309779829218, 1.0, 0.8624580660462879, 0.912431020708539, 0.8624580660462879, 1.0]\n",
      "[1.0, 0.9007830372339569, 0.7811649867394055, 0.9007830372339569, 1.0, 0.8672065907658921, 0.7811649867394055, 0.8672065907658921, 1.0]\n",
      "[1.0, 0.9470818040832824, 0.8184939174581032, 0.9470818040832824, 1.0, 0.86422726519422, 0.8184939174581032, 0.86422726519422, 1.0]\n",
      "[1.0, 0.845962376103071, 0.7290169900524218, 0.845962376103071, 1.0, 0.8617605352742063, 0.7290169900524218, 0.8617605352742063, 1.0]\n",
      "[1.0, 0.9634981730404922, 0.8411707141740761, 0.9634981730404922, 1.0, 0.8730382036113365, 0.8411707141740761, 0.8730382036113365, 1.0]\n",
      "[1.0, 0.9973210245607715, 0.8611389340019819, 0.9973210245607715, 1.0, 0.8588319639480273, 0.8611389340019819, 0.8588319639480273, 1.0]\n",
      "[1.0, 0.9131205742864401, 0.8025928697579611, 0.9131205742864401, 1.0, 0.8789560681897338, 0.8025928697579611, 0.8789560681897338, 1.0]\n",
      "[1.0, 0.7641223979525582, 0.6565112308184207, 0.7641223979525582, 1.0, 0.8591702488731148, 0.6565112308184207, 0.8591702488731148, 1.0]\n",
      "[1.0, 0.7021264344988949, 0.6057896184790208, 0.7021264344988949, 1.0, 0.8627927802082693, 0.6057896184790208, 0.8627927802082693, 1.0]\n",
      "[1.0, 0.9404219791042767, 0.921024705306515, 0.9404219791042767, 1.0, 0.8661518761682862, 0.921024705306515, 0.8661518761682862, 1.0]\n",
      "[1.0, 0.9585918699499159, 0.9197110325963535, 0.9585918699499159, 1.0, 0.8816275185501065, 0.9197110325963535, 0.8816275185501065, 1.0]\n",
      "[1.0, 0.640450766733127, 0.5526857668948244, 0.640450766733127, 1.0, 0.8629637055694652, 0.5526857668948244, 0.8629637055694652, 1.0]\n",
      "[1.0, 0.898938068430504, 0.7647939563551873, 0.898938068430504, 1.0, 0.8507749123256902, 0.7647939563551873, 0.8507749123256902, 1.0]\n",
      "[1.0, 0.8911903799410342, 0.9573925468560666, 0.8911903799410342, 1.0, 0.8532190275853724, 0.9573925468560666, 0.8532190275853724, 1.0]\n",
      "[1.0, 0.9447095706948444, 0.9091262923588371, 0.9447095706948444, 1.0, 0.8588603093617126, 0.9091262923588371, 0.8588603093617126, 1.0]\n",
      "[1.0, 0.9368031774351202, 0.9172768709901792, 0.9368031774351202, 1.0, 0.8593078873313447, 0.9172768709901792, 0.8593078873313447, 1.0]\n",
      "[1.0, 0.9325903027910699, 0.9240665761273514, 0.9325903027910699, 1.0, 0.8617755280297139, 0.9240665761273514, 0.8617755280297139, 1.0]\n",
      "[1.0, 0.9022612075373924, 0.9636229499663359, 0.9022612075373924, 1.0, 0.8694396064473704, 0.9636229499663359, 0.8694396064473704, 1.0]\n",
      "[1.0, 0.9597967176534138, 0.8817707759182188, 0.9597967176534138, 1.0, 0.8463206964490103, 0.8817707759182188, 0.8463206964490103, 1.0]\n",
      "[1.0, 0.970712429175883, 0.8863095177003122, 0.970712429175883, 1.0, 0.8603516649285753, 0.8863095177003122, 0.8603516649285753, 1.0]\n",
      "[1.0, 0.7730082916546587, 0.6689985974182987, 0.7730082916546587, 1.0, 0.8654481519031023, 0.6689985974182987, 0.8654481519031023, 1.0]\n",
      "[1.0, 0.9451131674575382, 0.9122375306428379, 0.9451131674575382, 1.0, 0.8621677020594954, 0.9122375306428379, 0.8621677020594954, 1.0]\n",
      "[1.0, 0.8689536463522748, 0.7545821369622433, 0.8689536463522748, 1.0, 0.8683801951115064, 0.7545821369622433, 0.8683801951115064, 1.0]\n",
      "[1.0, 0.553094951025086, 0.479902393877591, 0.553094951025086, 1.0, 0.8676672838689947, 0.479902393877591, 0.8676672838689947, 1.0]\n",
      "[1.0, 0.9209109943541375, 0.930827443606866, 0.9209109943541375, 1.0, 0.8572092266641188, 0.930827443606866, 0.8572092266641188, 1.0]\n",
      "[1.0, 0.8518310844358744, 0.7391444561813858, 0.8518310844358744, 1.0, 0.8677124722102442, 0.7391444561813858, 0.8677124722102442, 1.0]\n",
      "[1.0, 0.9450030927362127, 0.9292604036051841, 0.9450030927362127, 1.0, 0.8781539553642004, 0.9292604036051841, 0.8781539553642004, 1.0]\n",
      "[1.0, 0.9380666888335156, 0.9647614711533051, 0.9380666888335156, 1.0, 0.9050105987589323, 0.9647614711533051, 0.9050105987589323, 1.0]\n",
      "[1.0, 0.9250300923945444, 0.9331709109140554, 0.9250300923945444, 1.0, 0.8632111739427297, 0.9331709109140554, 0.8632111739427297, 1.0]\n",
      "[1.0, 0.9895624726416978, 0.8606250763337876, 0.9895624726416978, 1.0, 0.869702621236531, 0.8606250763337876, 0.869702621236531, 1.0]\n",
      "[1.0, 0.9889110091374375, 0.8656091049975794, 0.9889110091374375, 1.0, 0.8560103735417103, 0.8656091049975794, 0.8560103735417103, 1.0]\n",
      "[1.0, 0.9281700528749343, 0.9303080192535587, 0.9281700528749343, 1.0, 0.863484043420551, 0.9303080192535587, 0.863484043420551, 1.0]\n",
      "[1.0, 0.9757273111887356, 0.820202717389936, 0.9757273111887356, 1.0, 0.8406064973119151, 0.820202717389936, 0.8406064973119151, 1.0]\n",
      "[1.0, 0.9382192164616248, 0.9174344557241543, 0.9382192164616248, 1.0, 0.8607546362044133, 0.9174344557241543, 0.8607546362044133, 1.0]\n",
      "[1.0, 0.9252913482849231, 0.7931852991526162, 0.9252913482849231, 1.0, 0.8572276187633522, 0.7931852991526162, 0.8572276187633522, 1.0]\n",
      "[1.0, 0.9020617184686802, 0.975648991223708, 0.9020617184686802, 1.0, 0.8800956056454924, 0.975648991223708, 0.8800956056454924, 1.0]\n",
      "[1.0, 0.932027821346939, 0.9257701419071422, 0.932027821346939, 1.0, 0.8628435284297602, 0.9257701419071422, 0.8628435284297602, 1.0]\n",
      "[1.0, 0.9419446137619291, 0.9177500378804596, 0.9419446137619291, 1.0, 0.8644697049613053, 0.9177500378804596, 0.8644697049613053, 1.0]\n",
      "[1.0, 0.9953559826328593, 0.8493053047033972, 0.9953559826328593, 1.0, 0.8532678956295242, 0.8493053047033972, 0.8532678956295242, 1.0]\n",
      "[1.0, 0.9226862486551604, 0.8139996426492827, 0.9226862486551604, 1.0, 0.8822063229355686, 0.8139996426492827, 0.8822063229355686, 1.0]\n",
      "[1.0, 0.8913811429450271, 0.754296201299241, 0.8913811429450271, 1.0, 0.8462106330936368, 0.754296201299241, 0.8462106330936368, 1.0]\n",
      "[1.0, 0.9686261174604212, 0.8747594618459948, 0.9686261174604212, 1.0, 0.8473148612396534, 0.8747594618459948, 0.8473148612396534, 1.0]\n",
      "[1.0, 0.9775496917330571, 0.8714358946459596, 0.9775496917330571, 1.0, 0.8518718901762786, 0.8714358946459596, 0.8518718901762786, 1.0]\n",
      "[1.0, 0.9420382208259451, 0.8222795132249209, 0.9420382208259451, 1.0, 0.8728727720877142, 0.8222795132249209, 0.8728727720877142, 1.0]\n",
      "[1.0, 0.8353662923543416, 0.7308444368501584, 0.8353662923543416, 1.0, 0.8748790124035223, 0.7308444368501584, 0.8748790124035223, 1.0]\n",
      "[1.0, 0.9481934664040691, 0.9066412914270293, 0.9481934664040691, 1.0, 0.8596713489032568, 0.9066412914270293, 0.8596713489032568, 1.0]\n",
      "[1.0, 0.9484550379744363, 0.9225534389340654, 0.9484550379744363, 1.0, 0.8750004569576558, 0.9225534389340654, 0.8750004569576558, 1.0]\n",
      "[1.0, 0.7869216975626653, 0.6809942055854308, 0.7869216975626653, 1.0, 0.8653900479484502, 0.6809942055854308, 0.8653900479484502, 1.0]\n",
      "[1.0, 0.8652777978890734, 0.74166632819333, 0.8652777978890734, 1.0, 0.8571424460476101, 0.74166632819333, 0.8571424460476101, 1.0]\n",
      "[1.0, 0.9981036791998478, 0.8636101180352179, 0.9981036791998478, 1.0, 0.8619724362051657, 0.8636101180352179, 0.8619724362051657, 1.0]\n",
      "[1.0, 0.9662095338727098, 0.9003573866685006, 0.9662095338727098, 1.0, 0.8699338908918232, 0.9003573866685006, 0.8699338908918232, 1.0]\n",
      "[1.0, 0.9589459026101989, 0.8221347902007018, 0.9589459026101989, 1.0, 0.8573317722750528, 0.8221347902007018, 0.8573317722750528, 1.0]\n",
      "[1.0, 0.9718416080094335, 0.8366363048138384, 0.9718416080094335, 1.0, 0.8608772231181496, 0.8366363048138384, 0.8608772231181496, 1.0]\n",
